#graphGeneration.py
# GMT Sat Apr 17 07:01:41 2021
# 
0 1 499 2 3 497 4 496 5 495
1 2 3 499 4 498 5 497 6 496 108
2 3 4 5 499 6 498 7
3 4 5 6 7 499 498 313
4 5 6 7 8 9
5 6 7 8 9 10 312 395
6 7 8 9 10 11
7 8 9 10 11 131 413
8 10 11 12 13 14 118
9 10 11 12 13 14
10 11 12 13 14 15 498 490
11 12 13 14 15 16
12 13 14 15 16 17
13 14 15 16 17 18
14 15 16 17 18 19
15 16 17 18 19 20
16 17 18 20 21 52
17 18 20 21 22 381
18 19 20 21 22 23
19 21 22 23 24 332
20 21 22 23 24 25
21 22 26 369 473 387
22 23 24 25 27 69 353 234
23 24 25 26 27 28 210
24 25 26 27 28 29
25 27 28 29 30 113
26 27 28 29 30 31 435
27 28 29 30 31 32
28 29 30 31 32 33 112
29 30 31 32 33 34
30 31 32 33 34 35
31 32 33 34 35 36 151 413
32 33 34 35 37 56 290
33 34 35 36 37 38
34 35 36 37 38 39 110 248
35 36 37 38 40 384
36 37 38 39 40 165 398
37 38 39 40 42 193 332
38 39 40 41 43 170 173
39 40 42 43 44 261
40 41 43 44 45 302
41 42 43 44 45 46
42 43 44 45 366 272
43 44 45 46 48 61
44 45 47 48 49 259
45 46 47 48 49 50
46 47 48 49 51 192 399
47 48 51 52 325 260
48 49 50 51 52 53
49 50 51 52 53 54
50 51 52 53 54 55 285
51 52 53 54 55 236
52 53 54 56 57 275
53 54 55 56 57 58
54 55 57 58 59 425 396 60
55 56 57 58 59 60
56 57 58 59 60 356
57 58 59 60 61 62
58 59 60 61 62 63
59 60 62 63 64 152 211
60 61 62 63 64 101
61 62 63 64 65 66 329
62 63 64 65 66 67
63 65 66 68 339 398 101
64 65 66 67 68 69
65 66 67 69 70 157
66 67 68 69 71 123 107
67 68 69 70 71 72
68 69 70 72 73 296
69 71 72 73 74
70 71 72 73 74 75
71 72 73 74 75 76
72 73 74 75 76 77
73 74 75 76 77 78
74 75 76 77 78 79 143
75 76 78 80 460 360 171
76 77 78 79 80 81
77 79 80 81 82 102 443
78 79 80 81 82 83 202
79 80 81 82 83 121
80 81 82 83 84 85
81 82 83 84 85 86
82 83 85 86 87 374 402
83 84 85 86 87 88 302
84 85 86 87 88 89
85 86 87 88 89 319 417
86 87 88 90 91 211 487
87 88 89 91 92 417
88 90 91 92 401 373 491 437
89 90 91 92 93 94
90 91 92 93 94 95
91 92 93 94 95 96
92 93 94 95 96 97
93 94 95 96 97 98
94 95 96 97 98 99 130 132
95 96 97 98 99 100 103 208
96 97 98 99 100 101
97 98 99 100 101 443 232
98 99 100 101 102 103
99 100 101 103 104 241 449
100 101 102 103 104 105
101 102 103 104 105
102 103 104 105 107 182 195 305
103 104 106 107 108
104 107 108 109 276 414
105 106 107 108 109 110 391 255
106 107 108 109 110 111
107 108 109 110 111
108 111 113 117 360
109 110 111 112 113 332 326 235
110 111 112 113 114 369
111 112 113 114 115 116 402
112 114 115 117 282
113 114 115 116 118 275
114 115 116 117 118 278
115 116 117 118 119 120
116 117 118 119 120 275 411
117 118 119 120 121 122 472
118 120 121 122 123 272
119 120 121 122 123 124 358
120 121 122 123 124 125
121 122 123 125 126 360 262
122 123 124 125 126 127 250
123 124 125 126 127 128 270
124 125 126 127 128 129 307 279
125 126 127 128 130 496
126 127 128 129 130 131
127 128 129 130 131 132
128 129 130 132 133 222 158
129 130 131 132 133 134 394 470
130 131 132 133 135 415
131 132 134 135 136
132 133 134 135 137
133 134 135 136 137 138 209
134 135 136 137 138 139
135 136 137 138 139 140
136 137 138 139 141 238 182 406
137 138 139 140 141 221
138 139 140 141 142 143 224
139 140 141 142 144 226
140 141 142 143 144 145
141 142 143 144 146 492
142 143 144 145 146 147
143 144 146 147 148 254
144 145 146 147 148 149 427
145 146 147 148 149 304
146 147 148 149 150 465
147 149 150 151 152 491
148 149 151 152 153 333
149 150 151 152 153 154
150 151 152 153 154 155
151 152 154 155 156 245
152 153 154 155 156 157 162
153 154 155 156 157 158 240
154 155 156 157 158 159
155 156 157 158 159 160
156 157 158 159 160 161
157 158 159 160 161 162 388
158 159 160 161 163
159 160 161 162 163 164 260
160 161 162 163 164 165 196
161 162 163 164 165 166 438 445
162 164 165 166 167
163 164 165 166 167 168
164 165 166 167 168 169 478
165 167 168 169 170
166 167 168 169 170 171 477
167 168 169 170 172 477
168 169 170 172 173 212
169 170 171 172 173 174
170 171 172 174 175
171 172 173 174 175
172 174 175 176 177 449
173 174 175 176 177 178 288
174 175 176 177 179 408
175 176 177 178 179 180
176 177 178 179 180 181 238
177 178 179 180 181 182
178 179 180 181 182 183
179 180 181 182 183 184
180 181 182 183 184 185
181 182 183 184 185 186 359
182 185 186 187 315
183 184 185 186 187 188
184 185 186 187 188 241 261 240
185 186 187 188 189 190
186 187 188 189 190 191 353
187 188 189 190 191 192
188 189 190 191 192 193
189 190 191 192 193 194 394 311
190 191 192 193 194 195
191 192 193 194 195 196
192 193 195 196 197
193 194 195 196 197 236
194 195 196 198 199 202 274
195 197 198 199 200
196 197 199 200 201
197 198 200 201 202 272
198 199 201 202 340 397 205
199 200 201 202 203 204 419
200 201 202 203 204 205
201 202 203 204 205 206
202 204 205 207
203 204 206 207 208 268
204 205 206 207 208 209 290 359
205 206 207 208 209 210 426
206 207 208 209 210 211
207 208 209 210 211 212 264
208 209 210 211 213
209 210 212 213 214 439
210 211 212 213 215
211 213 214 215 247
212 213 214 215 216 217
213 214 215 216 217 218
214 215 216 217 218 219
215 216 217 218 219 220
216 217 218 219 220 221 339
217 218 219 220 221 222 351
218 219 220 222 223 489
219 220 221 222 223 224
220 221 222 223 224 225 304
221 222 223 224 225 226
222 223 224 225 226 227
223 224 225 226 227 228
224 225 226 227 229
225 226 227 228 229 230
226 227 228 229 230 231 481
227 228 229 230 231 305
228 229 230 231 233 428
229 230 231 232 233 234
230 231 232 233 234 312
231 232 233 234 235 236
232 233 234 235 236 237 329
233 234 235 236 238 482
234 235 236 237 238 239
235 236 237 238 239
236 238 239 240 241 281
237 238 239 240 241 326
238 241 242 243
239 240 241 242 243 244
240 241 243 244 245 336
241 242 243 245 246
242 243 244 245 247 293
243 244 245 246 247 248
244 245 246 247 248 249
245 247 248 249 250
246 248 249 250 251 343 353
247 249 250 251 252
248 249 250 251 252 367 259
249 250 251 252 253 254
250 252 253 254 255 469
251 252 253 254 255 256
252 253 254 255 256 257
253 254 255 256 257 258
254 255 257 258 259
255 256 257 258 260
256 257 258 259 260 261 359
257 258 259 260 261 262
258 259 260 261 262 263
259 260 261 262 264 327
260 261 262 263 264
261 262 263 264 266
262 263 264 267 402
263 264 265 266 267 268
264 265 266 268 269
265 266 267 268 270 329
266 267 268 269 270 271
267 268 269 270 271 272
268 270 271 272 273 402
269 270 271 272 273 274 290
270 271 272 274 275 368
271 272 273 274 275 276
272 273 274 275 276
273 274 275 276 277 278
274 276 277 278 279 467
275 276 277 278 279 280
276 277 278 279 280 281 420
277 278 279 280 281 282
278 279 280 281 282 283
279 280 281 282 283
280 281 282 283 284 285
281 282 283 284 285 286
282 283 284 285 286 287
283 284 285 286 287 288
284 285 286 287 288 289 445
285 286 289 290 409
286 287 288 289 290 291
287 288 289 290 291 292
288 289 290 291 293
289 290 291 292 293 294
290 293 385
291 292 293 295 296 424
292 293 294 295 296 297
293 294 295 296 297 298
294 295 296 297 298 299
295 296 297 298 299 300
296 297 298 299 300 301
297 298 299 300 301 302
298 299 300 301 302 303 318
299 300 301 302 303 304
300 301 302 303 304 305 467
301 302 303 304 305 306
302 303 304 305 307
303 304 305 306 307 308
304 305 306 307 309 483
305 306 307 308 309 310
306 307 308 309 310 311
307 309 310 311 312 327
308 309 310 311 312 313
309 310 311 312 313 338
310 311 312 313 314 315
311 312 313 314 315
312 315 316 317 430 330
313 314 315 316 317 318 400
314 315 316 317 318 319
315 316 317 318 320
316 317 318 319 320 321
317 318 319 320 321 322
318 319 320 321 322
319 320 321 323 324
320 322 323 324 325 486 448
321 322 323 324 325 326
322 323 324 325 326 327
323 324 325 326 327 328
324 325 327 328 329 435
325 326 327 328 329 330 405
326 327 329 330 331 491
327 328 329 330
328 329 330 332 425 344
329 330 332 333
330 331 332 333 334 356
331 332 333 335 385 393
332 333 334 336 397
333 334 335 336 337 338
334 335 336 337 338 339
335 336 337 338 339 340
336 337 338 339 340
337 338 339 340 341 342
338 339 340 342 343 382
339 340 341 343 344
340 341 342 343 344 345
341 342 343 344 345 346
342 343 344 345 346 347
343 344 345 346 347 348
344 346 347 348 349 441
345 346 347 348 349 350
346 347 348 349 350 351
347 349 350 351 352 493
348 349 350 351 352 353 407
349 350 351 352 353 354
350 351 352 353 354 355
351 352 354 355 356
352 353 354 355 356 357 444
353 355 428
354 355 356 357 358 359
355 356 357 358 359 360
356 358 359 360 361
357 358 359 360 361 362
358 359 360 361 363
359 361 363
360 361 362 364 365 443
361 362 363 364 365 366
362 363 364 365 366 367 423
363 364 365 366 367 368
364 365 366 367 368 369
365 366 367 368 369 370
366 367 368 369 370 371
367 369 370 371 372
368 370 371 372 373
369 370 371 372 373 431
370 371 372 373 374 375
371 372 373 374 375 376
372 373 374 375 376 377
373 374 376 377 378 410
374 375 376 377 378 379
375 376 377 378 379 380
376 377 378 379 380 381
377 378 379 380 381 382
378 379 380 381 382 383
379 380 381 382 383 421
380 381 382 383 384 385
381 382 383 384 385 386
382 383 384 385 386 387
383 384 385 386 387 388
384 385 386 387 388 487
385 386 387 388 389 390
386 387 388 389 390 391
387 388 389 390 391 392
388 389 390 391 392 430
389 390 391 392 393 394
390 391 392 394 395 461 499
391 392 394 395 396
392 393 394 395 396 397
393 394 395 396 397 398
394 395 398 399
395 396 397 398 399
396 397 398 399 401
397 398 400 402
398 400 401 402 403
399 400 401 402 403 404
400 401 403 404 405
401 402 403 404 405 406
402 403 406 407
403 404 405 406 407 408
404 405 406 407 408 409
405 406 407 408 409
406 407 408 409 410 411
407 409 410 411 412
408 409 410 411 412 413
409 410 411 412 413 414
410 411 412 413 414
411 412 413 414 415
412 413 414 415 416 417
413 414 415 416 418
414 415 416 417 418 419
415 417 418 420 475
416 417 418 419 420 421 442
417 418 419 420 421 446
418 419 420 421 422 423 474
419 420 422 423 424
420 421 422 423 424
421 422 423 424 425 426
422 423 424 425 426 427
423 424 425 427 428
424 425 426 427 428 429
425 426 427 428 429 430
426 427 428 429 431
427 428 429 431 432
428 429 430 431 432 433
429 430 431 432 433 434
430 431 432 433 434
431 432 433 435 436
432 433 434 435 436 437
433 434 435 436 437 438
434 435 436 437 438 439
435 436 437 438 439
436 437 438 439 440 441
437 438 439 440 441 442
438 439 440 442 443
439 440 441 442 443
440 441 442 443 444 445
441 442 443 444 445 446
442 443 444 446 447
443 445 446 448
444 445 446 447 448
445 446 447 449
446 448 449 450 451 498
447 448 449 450 451 452
448 449 451 452 453 497
449 450 451 452 453
450 451 452 453 454 455
451 452 453 454 455 456
452 453 454 455 456 457
453 454 455 456 457 458
454 455 456 457 458 459
455 456 457 458 459 460
456 457 458 459 460 461
457 458 459 460 461 462
458 459 460 461 462 463
459 460 461 462 463 464
460 461 462 463 464 465
461 462 463 464 465 466
462 463 464 465 466 467
463 464 465 466 467 468
464 465 466 467 468 469
465 466 467 468 469 470
466 467 468 469 470 484
467 468 469 470 471
468 469 470 471 472 473
469 470 471 473 474
470 471 472 474 475
471 472 473 474 475 476
472 473 474 476 477
473 474 475 476 477 478
474 475 476 478 479
475 476 477 478 479 480
476 477 478 479 480 481
477 478 480 481 482
478 479 480 481 483
479 480 481 482 483 484
480 481 482 483 484 485
481 483 484 485 486
482 483 484 485 486 487
483 484 485 487 488
484 485 486 487 488 489
485 486 487 488 489 490
486 487 488 489 490 491
487 488 489 490 491 492
488 489 490 491 492 493
489 490 491 492 493 494
490 491 492 494 495
491 492 494 495 496
492 493 494 495 496 497
493 494 495 496 497 498
494 495 496 497 498 499
495 496 497 498 499
496 497 498 499
497 498 499
498 499
499
