#graphGeneration.py
# GMT Mon May  3 09:30:39 2021
# 
0 1 299 2 298 3 297 4 296 5 295
1 2 3 299 4 298 5 297 6
2 3 4 5 299 6 298 7 297
3 4 5 6 7 299 8 298 74
4 5 6 7 8 9 299 120
5 7 8 9 10 240
6 7 8 9 10 87
7 8 9 10 11 12
8 9 10 11 12 67
9 10 11 12 13 14 112
10 11 12 13 14 15
11 12 13 14 15 16
12 13 14 15 16 17 58
13 14 15 16 17 18 256
14 15 16 17 18 103 285
15 16 17 18 19 20 280
16 17 18 19 21 222 91
17 18 19 20 21 22 222
18 19 20 21 23 62
19 21 22 23 24 154 171
20 21 22 23 24 25
21 22 23 24 25 219
22 23 24 26 27 87 107
23 24 25 26 27 28 67
24 25 26 29 239 276
25 26 27 29 30 221 199 49 152
26 27 28 29 30 31 254
27 28 29 30 31 32 283
28 29 30 31 32 33 219
29 30 31 33 34 230
30 31 32 33 34 35 185
31 32 33 34 35 36
32 33 34 35 36 42
33 35 36 37 38 253
34 35 36 38 39 61 99 90
35 36 37 38 39 40
36 37 38 39 40 41
37 38 39 40 41 42 54 276
38 39 40 41 42 43
39 40 41 42 43 44 221
40 41 42 44 45 107
41 42 43 44 45 212
42 43 44 46 47 78
43 44 45 46 47 265
44 45 46 47 48 49
45 46 47 48 49 50
46 47 48 49 50 51
47 48 49 50 51 78 108
48 49 50 51 52 53
49 50 51 52 53 54
50 51 52 53 54 55
51 52 53 54 55 56
52 53 54 55 56 57
53 54 55 56 57 58 279
54 55 57 58 59
55 56 57 58 59 60
56 57 58 59 61 247 213 179
57 58 59 60 61 62 152
58 59 60 62 63 281
59 60 61 62 63 161
60 62 63 65 247 195
61 63 64 65 66 189
62 63 64 65 66 67
63 64 65 66 67 68
64 65 66 67 68 207
65 66 67 68 69 173
66 67 68 69 70 71
67 69 70 71 72 149
68 69 70 71 72 73
69 70 71 72 73 74
70 71 72 73 74 75
71 72 73 74 75 76
72 73 74 75 76 77
73 74 75 76 77 78 271
74 76 77 78 79
75 77 78 79 80 274
76 78 79 80 81 101
77 78 79 80 81 82 114
78 79 81 82 83 128
79 80 81 83 84 153
80 81 82 83 84 85
81 82 85 86 231 177
82 83 84 85 86 87
83 84 85 86 88 164
84 85 87 88 89 171
85 86 87 88 89 90
86 87 88 89 91 160
87 88 90 91 92 299
88 89 90 92 93 265
89 90 91 92 93 94
90 91 92 93 94 268
91 92 93 94 95 96 237 145
92 93 94 95 96 97 295 132
93 94 96 97 98 221
94 95 96 98 99 111
95 96 97 98 99 242
96 97 98 99 100 101
97 98 100 101 191 183 260
98 99 100 101 102 103 285
99 100 101 102 103 104
100 101 102 103 104 151
101 102 103 104 105 106
102 103 104 105 106 107
103 104 105 106 108
104 105 106 107 108 109
105 106 107 108 109 110
106 107 108 109 110 111 118
107 108 109 110 111 238
108 109 110 111 112 113
109 110 111 112 113 114
110 111 112 113 114 115
111 112 113 114 115 116 144
112 113 116 117 150
113 114 115 116 117 118 286
114 115 116 118 119
115 116 117 118 119 120
116 117 118 119 120 121
117 119 120 121 122 189 242
118 119 120 122 123 135
119 120 121 122 124 185 200 164
120 121 122 123 125
121 122 123 124 125 126
122 123 124 125 126 127 140
123 124 125 126 127 128
124 125 126 127 169 170 203
125 126 127 128 129 130
126 127 128 129 130 131
127 128 129 130 131 132
128 129 130 132 133 220
129 131 132 133 291 156
130 131 132 133 134 135
131 132 133 134 136 232 265
132 133 135 137 260
133 134 135 136 137 138
134 135 136 137 138 139
135 136 137 138 245
136 137 138 139 140 141
137 138 139 140 141 142
138 140 141 142 143 164 213
139 140 141 142 143 144
140 141 143 144 258
141 142 143 144 145 146
142 143 144 145 146 205
143 144 145 147 148 191
144 146 147 148 149
145 146 147 148 149
146 147 148 149 150 151 181
147 148 149 150 151 152
148 149 151 152 153 254
149 150 151 153 154
150 151 152 153 154 155
151 152 153 154 155 156
152 153 156 157
153 154 155 157 158 238
154 155 156 157 158 159
155 156 157 158 159 160
156 157 158 159 160 161
157 158 159 160 161 162
158 159 160 161 162 163
159 160 161 162 163 164
160 161 162 163 164 165
161 162 163 164 165 166
162 163 164 165 166 211
163 164 165 166 167 168 247
164 165 166 167 168 169
165 166 167 168 169 170 217
166 167 168 169 170 171 255 292
167 168 169 170 171 172
168 169 170 171 172 173
169 171 172 173 174 261
170 171 172 173 174 175
171 172 173 175 176
172 173 174 175 176 177 274
173 174 175 176 177 178 203
174 175 176 177 178 179
175 176 177 178 179 180 198
176 177 178 179 180 181 295
177 178 179 180 181 182
178 179 180 181 182 183
179 180 181 182 184
180 181 182 183 184 185
181 183 184 185 186
182 183 184 185 186 187
183 184 186 187 188
184 186 187 188 189 262
185 186 189 190
186 187 188 189 190 191
187 188 189 190 191 192
188 189 190 191 192 193
189 191 192 193 194 286
190 191 192 193 194 195
191 192 194 195 196 256
192 193 194 195 196 197
193 194 195 196 197 198
194 195 196 197 198 199 290
195 196 197 198 199 200
196 197 198 199 201 274
197 198 199 200 201 202 227
198 199 200 201 202
199 200 202 203 204
200 201 203 204 205 267
201 202 203 204 205 206
202 203 204 205 206 207
203 204 206 207
204 205 206 207 208 209
205 206 207 208 209 210 229
206 207 208 209 210 211
207 208 209 210 211 212
208 209 210 211 212 285
209 210 211 212 213 214
210 211 212 213 214 215
211 213 214 215 216 292
212 213 214 215 216 217
213 215 216 217 218
214 215 216 218 219 294
215 216 217 218 219 220 238
216 217 218 219 220 221 226
217 219 220 221 222 252
218 219 220 221 222 223
219 221 222 223 224
220 221 222 223 224
221 224 225 226
222 224 226 227 277
223 224 225 226 227 228
224 226 227 228 229 257
225 226 227 228 230 282
226 227 229 230 231
227 229 230 231 232
228 229 230 231 232 233
229 230 232 233 234
230 231 232 233 234 235
231 232 233 234 235 236
232 233 235 236 237
233 234 235 236 237 238
234 235 236 237 238 239 287
235 236 237 238 239 240 296
236 237 238 239 240 241
237 239 240 241 242
238 241 242 277
239 240 241 242 243 244
240 241 242 243 244 245
241 242 243 244 245 246
242 243 244 246 247
243 244 245 246 247 248
244 245 247 248 249 299
245 246 247 248 249 250
246 247 248 249 250 251
247 248 250 251
248 249 250 251 252 253
249 250 251 252 253 254
250 251 252 253 254 255
251 252 253 254 255 256 292
252 254 255 256 257
253 254 255 256 257 258
254 255 257 258 259
255 257 258 259 260
256 257 259 260 261
257 258 259 260 261 262 282
258 259 260 261 262 263
259 260 261 262 263 264
260 261 262 263 264 265
261 262 263 264 265 266 287
262 263 264 265 266 267
263 264 265 266 267 268
264 265 266 267 268 269
265 266 267 268 269 270
266 267 268 269 270 271
267 268 269 271 272
268 269 270 272 273
269 270 271 272 273 274
270 271 272 273 274 275
271 273 274 275 276
272 273 274 275 276 278
273 274 275 276 277 278
274 275 277 278 279
275 276 277 278 279 280
276 277 278 279 280 285
277 278 280 281 282
278 279 280 281 282 283
279 280 281 283 284
280 281 283 284 285
281 283 284 285 286
282 283 285 286 287
283 284 286 287 288 291
284 285 286 287 288 289
285 286 287 289
286 287 288 290
287 289 290 292
288 289 290 291 292 293
289 290 291 292 293 294
290 291 292 293 294
291 293 294 295 296
292 294 295 297
293 294 295 296 297 298
294 295 296 297 298 299
295 297 299
296 297 298 299
297 298 299
298 299
299
