#graphGeneration.py
# GMT Mon May  3 09:30:37 2021
# 
0 1 249 2 248 3 247 4 246 5 245 127
1 2 3 249 248 5 247 6 246 13 189 204 145
2 3 4 5 6 248 7
3 4 6 7 8 248 36
4 6 7 8 9 249 102
5 6 7 9 18 231 87
6 7 8 9 10 11
7 8 9 10 11 12 113
8 10 11 12 13 133 183 85
9 10 11 12 13 14
10 11 12 13 14 15
11 12 13 14 15 16 45 89 149
12 13 15 16 17 165
13 14 15 16 17 18 237
14 15 16 17 18 19
15 16 17 18 19 20 136
16 17 18 19 20 21 53
17 18 19 20 21 22
18 19 22 23 235
19 20 21 23 24 39
20 21 22 23 24 25 189 54
21 22 24 25 26 91
22 23 24 25 26 27
23 24 25 26 27 28
24 26 27 28 29 155
25 26 27 28 29 30 224
26 27 28 29 30 31
27 28 29 30 31 32
28 29 30 31 32 33 54
29 30 31 32 33 34 202 118
30 31 32 33 34 35
31 32 33 34 35 175
32 33 34 35 36 37
33 34 35 37 38 48
34 36 37 38 39 74
35 36 37 38 40 108 204
36 37 38 39 40 41
37 38 39 40 41 42 179 88
38 39 40 41 42 43 81
39 40 41 42 43 44
40 41 42 43 44 45 106
41 42 43 44 45 46
42 43 44 45 47 244
43 44 45 46 47 48 224 105
44 45 46 47 48 49
45 47 48 49 50
46 47 48 51 178 59
47 48 49 50 51 52 54 203
48 49 50 52 53 200
49 50 51 52 53 54
50 51 52 53 54 55 119
51 52 53 54 55 56
52 53 54 55 56 57
53 55 56 58 233 135
54 55 59 217 164
55 56 57 58 59 60
56 57 58 59 60 61 208
57 58 59 60 61 62 174
58 59 60 61 62 63
59 60 61 62 64 157
60 61 62 63 64 65 151
61 62 64 65 66 130
62 63 65 66 67 249
63 65 67 68 71 111
64 65 66 67 68 69 120
65 66 67 68 69 70
66 67 68 69 70 71
67 68 69 70 71 72 129
68 69 70 71 72 73
69 70 71 72 73 74 87
70 72 73 74 75 178
71 73 74 75 76 246
72 73 74 75 76 77
73 74 76 77 78 236 121
74 75 76 77 78 79
75 77 78 79 80 82
76 77 78 79 80 81
77 78 79 80 86 178 130
78 79 80 81 82 125 94
79 80 81 82 84 225 188 199
80 81 82 83 84 85
81 82 83 85 86
82 83 84 85 86 87
83 84 85 86 87 88 249
84 85 86 87 88 89
85 86 88 90 217
86 87 88 89 90 91
87 88 90 91 92
88 89 91 93 164
89 91 92 93 94
90 91 92 93 94 95
91 92 93 94 95 96
92 93 94 95 96 97
93 94 95 97 98 209 213
94 95 96 97 98 99
95 96 97 98 99 100 176 205
96 97 98 99 100 101 214
97 98 99 101 102 214
98 99 100 101 102 103
99 101 102 103 104 188 134 221
100 101 102 103 104 105 206
101 102 103 105 106 121 107
102 103 104 105 106 107 137
103 105 106 107 108 125 209
104 105 106 107 108 109
105 106 108 109 110
106 108 109 110 213
107 108 109 110 112 114
108 109 110 112 113
109 110 111 112 113 114 247
110 111 112 113 114 115
111 112 113 115 116 135 137
112 113 114 115 116 117
113 114 116 117 118
114 116 117 118 119
115 116 117 118 119 120
116 117 118 119 120 121
117 118 119 120 121 122 126 165
118 119 121 122 123
119 120 121 123 124
120 122 123 124 125
121 122 123 124 125
122 123 124 125 126 127 188
123 124 125 126 127 128
124 125 126 127 129 190
125 126 127 128 189
126 128 129 131 237
127 128 129 131 132
128 129 130 131 132 239
129 130 131 132 134
130 131 132 133 134 135 190
131 132 133 135 163 147
132 133 134 135 136 137 161
133 134 135 136 137 138
134 136 137 138 223 149
135 137 138 139 140
136 137 138 140 141
137 138 139 142 153
138 139 140 141 142 143
139 140 141 142 143 144
140 141 142 143 144 145
141 142 143 144 145 146
142 143 145 146 147 161
143 144 145 146 147 148
144 145 146 147 148 149
145 146 147 148 149 224
146 147 148 149 150 151
147 148 149 150 151 152
148 149 150 151 152 153
149 150 151 153
150 151 152 153 154 155
151 152 154 155 156
152 153 154 155 156 157
153 154 155 156 157
154 155 156 157 158 159
155 156 157 158 159 160
156 157 158 159 160 161
157 158 159 160 161 162
158 159 160 161 162 163
159 160 161 162 163 164
160 161 163 164 165 182 237
161 162 164 165 166
162 163 164 165 166 167
163 164 165 166 167 168
164 165 166 167 168
165 166 167 168 170
166 167 169 170 171 200
167 168 169 170 171 172 191
168 169 170 171 172 173
169 170 171 172 173 174
170 171 172 173 174 175
171 172 173 174 175 176 228
172 173 174 175 176 177 195
173 174 175 176 177 178
174 175 177 178 179
175 177 178 179 180 243
176 177 178 179 181
177 178 180 181 182 187
178 179 180 181 183
179 180 182 183 184
180 181 182 183 184 185
181 182 183 184 185 186
182 183 184 185 186 187
183 185 186 187 188
184 185 186 187 188 189
185 186 187 188 189 190
186 187 188 189 190 191 206
187 188 189 190 191 192
188 189 190 192 212
189 191 193 194
190 191 194 195 241
191 192 193 195 246
192 194 195 196 197 214
193 194 195 196 197 198
194 196 197 198 199 245
195 196 197 198 200
196 197 198 199 200 201
197 198 199 200 201 202
198 199 201 202 203 227
199 200 201 202 203 204
200 201 202 203 204 205 215
201 202 203 204 205 206
202 204 205 206 207
203 204 205 207 208
204 205 206 208 209
205 206 207 208 210
206 207 208 209
207 208 209 210 211 212
208 209 210 212 213
209 210 212 213 214
210 211 212 213 214 215
211 212 213 214 215 216
212 213 214 215 217
213 214 215 217 218
214 215 216 218 219
215 216 218 219 220
216 217 218 219 220 221 235
217 218 220 221 222
218 219 220 221 222 223
219 220 221 222 223 224
220 221 222 223 224 225
221 222 223 225 226
222 223 224 225 226 227
223 224 225 226 227 228
224 228 229 249
225 227 228 229 230
226 227 228 229 230 231
227 228 229 230 231 232
228 229 230 231 233
229 230 231 232 233 234
230 231 232 233 234 235
231 232 233 234 235 236
232 233 234 235 236 237
233 234 235 236 237 238
234 235 236 237 238 239
235 236 238 239 240
236 237 238 239 240 241
237 239 240 241
238 239 240 241 242 243
239 240 241 242 243 244
240 241 242 243 244 245
241 242 243 244 245 246
242 243 244 245 246 247
243 244 245 246 247 248
244 245 246 247 248 249
245 246 247 248 249
246 247 248 249
247 248 249
248 249
249
