#graphGeneration.py
# GMT Mon May  3 09:30:33 2021
# 
0 1 149 2 148 3 4 146 5 145 6 7 143 8 142 9 141 10
1 2 3 149 4 148 5 147 6 146 145 8 144 9 143 10 11 141 74 12
2 3 4 5 149 6 148 7 147 146 9 145 10 144 11 143 12 142 119
3 4 5 6 7 149 8 9 147 10 146 11 145 12 144 13 143
4 5 6 7 8 9 149 10 148 11 147 12 146 13 14 144 111
5 7 8 9 10 11 149 12 148 13 147 146 15 145 120 43
6 7 8 9 10 11 12 13 149 14 148 15 147 16
7 8 9 10 11 12 13 14 15 149 148 17 147 126 33
8 9 10 11 12 13 14 15 16 17 149 18 148 69 71
9 10 11 12 13 14 15 16 17 18 19 149 128 20
10 11 12 13 14 15 16 17 18 19 20
11 12 13 14 15 16 17 18 19 20 21 67 106
12 13 14 15 16 17 18 19 20 21 68 44 105
13 14 15 16 17 18 19 20 21 23 101 142
14 15 16 17 18 19 20 21 22 23 24 66
15 16 17 18 19 20 21 23 24 25 34 45
16 17 18 19 20 21 22 23 24 25 26
17 18 19 20 21 22 23 25 26 27 61 31 89
18 19 20 21 22 24 25 26 27 28 52 43 126
19 22 23 24 25 26 27 28 29 77 130 66
20 21 22 23 24 27 28 30 119 109
21 22 23 24 25 27 28 29 30 31 81
22 23 24 25 26 27 28 29 30 31 32
23 24 25 26 27 28 29 31 32 33 76 138
24 25 26 27 28 29 30 31 32 33 34
25 26 27 28 29 30 31 32 33 34 35
26 27 28 29 30 31 32 33 34 35 36 128
27 28 29 30 31 32 33 34 36 37 87
28 29 30 31 33 34 35 36 37 38 147 48 94 57
29 30 31 32 33 34 35 36 37 38 39 130
30 31 32 33 35 36 37 38 39 40 59
31 32 34 35 36 37 38 39 41 73 132
32 33 34 35 36 38 39 40 41 42 102
33 35 36 37 38 39 40 41 42 43 126 148
34 35 37 38 39 41 42 43 44 131
35 36 37 38 39 40 41 42 43 44 45
36 37 38 39 41 42 43 44 45 46 120 128
37 38 39 40 41 42 43 44 45 46 47
38 39 40 41 42 43 44 45 46 48 113 72
39 40 42 43 44 45 46 47 48 49 128 127
40 41 42 43 44 45 46 47 48 49 50
41 42 43 44 45 46 47 48 49 51 86
42 43 44 45 46 47 48 49 50 51 52
43 44 45 46 47 48 49 50 51 52 53
44 45 46 47 49 50 51 52 53 54
45 46 47 48 50 51 52 54 55 84 59 117 137 145
46 47 48 49 50 51 52 53 54 55 56 143 127
47 48 49 50 51 52 53 54 55 56 57
48 49 50 51 53 54 55 56 57 86 87
49 50 51 52 53 54 55 56 57 58 59 81 134
50 51 52 53 54 55 56 57 58 59 60 76 82
51 52 53 54 55 56 57 58 59 60 61
52 53 54 56 57 58 59 60 61 62
53 54 55 56 57 58 59 60 61 62 85 117 99
54 55 56 57 58 59 60 61 62 63 64
55 56 57 58 59 60 61 63 64 65 144 93 106
56 57 58 59 60 61 62 63 64 65 66 104 136
57 58 59 60 61 63 64 65 66 67 101
58 59 60 61 62 63 64 65 66 68 91 80
59 60 61 62 63 64 65 67 68 69 97 133
60 63 64 65 66 67 68 69 70 123 146
61 63 64 65 66 67 68 69 70 71 136 131 140
62 63 65 66 67 68 69 70 71 72 134
63 64 65 66 67 68 70 71 73 147 103
64 65 67 68 69 70 71 72 74 82 86
65 66 67 68 69 70 71 72 73 74 75
66 67 69 71 72 73 74 75 76
67 69 70 71 72 73 74 75 76 77 134
68 69 71 72 73 74 75 76 77 78
69 70 72 73 74 75 76 77 78 79 135
70 71 72 73 74 75 76 77 78 79 80
71 72 74 76 78 79 80 128 108 88
72 73 74 75 76 77 78 79 80 81 82
73 74 75 76 77 78 79 80 81 82 83
74 77 79 80 81 83 84 98 117 141
75 77 78 79 80 81 82 83 84 85 137 99
76 78 80 81 82 83 84 85 86 79
77 78 79 80 81 82 83 84 85 86 87
78 79 80 81 82 83 84 85 86 87 88 128
79 80 81 83 85 86 87 88 89 115
80 81 82 83 84 85 86 87 88 89 101
81 82 83 84 85 87 88 89 90 91 97
82 83 84 86 87 88 90 91 92 138 111 118
83 84 85 86 87 89 91 92 93 140 141 137 119
84 85 88 89 90 91 92 93 94 149
85 86 88 90 91 92 93 94 95 117 123
86 87 88 89 90 91 92 93 94 95 96 120
87 88 89 90 91 93 94 95 96 97 132
88 89 90 91 92 93 94 95 96 97 98 144
89 90 91 92 93 94 95 96 97 99
90 91 92 94 95 96 97 98 99 100 110
91 92 93 94 96 98 99 100 101 149
92 93 94 95 96 97 98 99 100 101 102
93 94 95 96 97 99 100 101 102 103
94 95 96 99 100 101 102 104 117 115 135 121
95 96 97 98 99 100 101 102 103 104 105 142
96 97 98 99 100 101 102 103 104 106 130
97 98 99 100 101 102 103 104 105 106 140
98 99 100 101 102 103 104 105 106 107 108
99 100 101 102 103 104 105 106 107 109
100 101 102 103 104 105 106 107 108 109 110 116
101 102 104 106 107 108 109 110 111
102 103 104 105 106 107 108 109 110 111 112 142
103 104 105 106 108 109 110 111 112 113 126
104 105 106 107 109 110 111 112 113 114
105 106 107 108 109 110 111 112 113 114 115
106 107 108 109 110 111 112 113 114 116
107 108 109 110 111 112 113 114 115 116 117
108 109 110 111 112 113 114 115 116 117 118
109 110 111 112 113 114 115 116 117 118 119
110 111 112 113 114 115 116 117 118 119 120
111 112 113 114 115 117 118 119 120 121 123
112 113 114 115 116 117 118 119 120 121 122
113 114 115 116 117 119 120 121 122 123
114 115 116 117 118 119 120 121 122 123 124
115 116 117 118 119 120 121 122 123 124 125
116 117 118 119 120 121 123 124 125 126
117 119 120 121 124 125 126 127 136 146
118 119 120 121 122 123 124 126 127 128
119 120 121 122 123 124 125 127 128 129
120 121 123 125 126 127 128 129 130
121 122 123 124 125 126 127 128 129 130 131
122 123 124 125 126 127 128 129 130 131 139
123 124 125 126 128 129 130 131 133
124 125 126 127 128 129 130 131 132 133 134
125 126 127 128 129 130 131 132 133 134 135 141
126 127 128 129 131 132 133 134 135
127 128 129 131 133 134 135 136 137
128 129 130 131 133 135 136 138
129 131 132 133 134 135 136 137 138 139 145
130 131 133 134 135 136 138 139 140 132
131 132 133 134 135 136 137 139 140 141
132 133 134 135 136 137 138 139 140 141 142
133 134 135 136 137 138 139 141 142 143
134 135 136 137 138 139 141 142 144
135 136 137 139 140 142 143 144 138
136 137 139 140 141 142 143 145
137 138 139 140 141 142 143 144 145 146 147
138 140 141 142 143 144 145 146 147 148
139 140 141 142 143 144 145 146 147 148 149
140 141 143 144 145 146 147 148
141 142 143 144 145 146 147 148
142 143 144 145 146 148 149
143 144 146 147 148 149
144 146 147 148 149
145 146 147 148 149
146 147 148 149
147 148 149
148 149
149
