#graphGeneration.py
# GMT Sat Apr 17 09:42:22 2021
# 
0 1 99 2 98 3 97 4 96 5 95 76
1 2 3 99 4 98 5 97 6 96
2 3 4 5 99 98 7 97 41
3 4 5 6 7 99 8 98
4 5 6 7 8 9 99 29
5 7 8 10 60 23
6 7 8 9 10 28 89
7 8 9 10 11 12 26
8 9 10 11 12 13 62
9 10 11 12 13 14
10 11 12 13 14 15
11 12 13 14 15 16 86
12 13 14 15 16 17
13 14 15 16 17 18
14 15 16 17 18 19 90 58
15 16 17 18 19 20 95
16 17 18 19 20 21
17 18 19 21 22 33 80
18 19 20 21 22 23 80
19 21 22 23 24 97
20 21 23 24 25 47
21 23 24 25 26 99
22 24 25 26 27 34 44
23 24 25 26 27 28
24 25 26 28 29 41 92
25 26 27 28 29 30
26 27 28 30 31
27 28 29 30 31 32 72
28 29 30 32 33
29 30 31 33 34 68
30 31 32 33 34 35
31 32 33 35 36 64
32 33 35 36 37 72
33 35 36 37 38
34 35 36 38 39 49 47
35 36 37 38 39 40 47
36 37 38 39 40 41
37 38 39 40 41 42
38 39 40 41 42 43
39 40 41 42 43 44
40 41 42 43 44 45
41 42 44 45 46 76 64
42 43 44 45 46 92 91
43 44 45 46 47 48
44 45 46 48 49
45 46 47 49 50 58
46 47 48 49 50 51
47 49 50 51
48 49 50 51 52 53
49 50 51 52 53 54
50 51 52 53 54 64
51 52 53 54 55 56 65
52 53 54 55 56 57
53 54 55 56 57 58
54 55 56 57 58 59 61
55 56 57 58 59 60
56 57 58 59 60 61
57 58 59 60 61 62 89
58 59 60 61 62
59 60 61 62 63 64
60 62 63 64 65 81
61 62 63 65 66
62 64 65 66 67
63 64 65 66 67 68
64 65 66 69 92
65 66 67 68 70 74 90
66 67 68 69 70 71
67 68 69 70 71 72
68 70 71 73 78
69 70 71 72 73 74
70 71 72 73 74 75
71 72 73 74 75 76
72 73 74 75 77 96
73 74 75 76 77 78
74 75 77 78 79
75 76 77 78 79 80 86
76 78 79 80 81 77
77 79 80 81 82
78 79 80 81 82 83
79 80 81 82 83 84
80 81 82 84 85
81 82 83 84 85 86
82 83 84 85 86 87 95
83 84 85 86 87 88
84 85 86 87 88 89 94
85 86 87 88 89 90
86 87 89 91
87 88 89 90 91 92
88 89 90 91 92 93
89 90 91 92 94
90 91 94 95
91 92 93 94 95 96
92 93 94 95
93 94 95 96 97 98
94 95 96 97 98
95 96 98
96 97 98
97 98 99
98 99
99
