#graphGeneration.py
# GMT Mon May  3 09:30:39 2021
# 
0 1 299 2 298 3 297 4 296 5 295
1 2 299 4 298 5 297 6 296 148
2 3 4 5 299 6 298 7 10
3 4 5 6 7 299 8 298
4 5 6 7 8 9 299 154
5 6 7 8 9 10
6 7 8 9 10 11
7 8 9 10 11 12 238
8 10 11 12 14 113 184
9 10 11 12 13 14
10 11 12 14 15 67
11 12 13 14 15 16 285
12 13 14 15 16 17
13 14 15 16 17 18
14 15 16 17 18 19
15 16 17 18 19 20 29
16 17 18 19 20 21
17 18 19 20 21 22
18 19 20 21 22 23
19 21 22 24 277 166 225
20 22 23 24 25 195
21 22 23 25 26 74 97
22 23 24 25 26 27 90 112
23 24 25 26 27 28 276
24 25 26 27 28 29
25 26 27 28 29 30
26 27 28 30 31 155 272
27 28 29 30 31 32
28 29 30 32 33 268
29 30 31 32 33
30 31 32 34 35 140
31 32 33 34 36 260
32 33 34 35 36 37
33 34 36 37 38 126
34 35 36 37 38 39 226
35 36 38 39 40 228
36 37 38 39 40 159 123
37 38 39 40 41 42 168
38 39 40 41 42 43 238
39 40 41 42 43 44
40 41 42 43 44 45
41 42 43 44 45 46 297
42 43 44 45 46 47
43 44 45 46 47 48
44 45 47 48 49 213
45 46 47 48 49 50
46 47 49 51 181 100 68 166
47 48 49 50 51 52
48 49 50 51 52 53
49 50 51 52 53 54
50 51 52 53 54 55 161
51 52 53 54 55 190
52 53 54 55 56 57 85
53 54 55 56 57 58
54 55 57 58 248 161
55 56 58 59 60 270
56 57 58 59 60 61 287
57 58 59 60 61 62
58 59 60 62 63 239 136
59 60 61 62 63 64
60 61 62 63 65 88
61 62 63 64 65 66
62 64 65 66 67 260
63 64 65 66 67 68 85
64 65 66 67 68 69
65 66 67 68 69 70 74
66 67 68 69 70 71 88
67 68 69 70 72
68 69 70 72 73
69 70 71 72 73 74
70 71 72 73 74 75
71 72 73 74 75 76
72 73 74 76 77 160
73 74 75 77 78 272
74 75 76 78 79
75 76 77 78 79 80
76 78 79 80 81 102
77 78 79 80 81 82
78 79 80 81 82 83
79 80 81 82 83 84
80 81 82 83 84 85
81 82 83 84 85 283
82 83 84 85 86 87 142 160
83 84 85 86 87 88
84 85 86 87 88 89
85 86 90 133
86 87 88 89 90 91 203
87 89 90 91 92 262 181
88 89 90 91 92 246 230
89 90 91 92 93 94
90 91 92 93 204
91 92 93 94 95 96
92 94 95 96 97 186 238
93 94 95 96 97 98
94 95 97 99 201 168
95 96 97 98 99 100 284 270
96 97 98 99 100 101
97 98 99 100 101 129
98 99 100 101 102 103
99 100 101 102 103 104
100 101 103 104 105
101 102 103 104 105 106
102 103 104 105 106 107 175 188
103 105 106 107 108 117
104 105 106 107 108 109
105 106 107 108 109 110 264
106 107 108 109 110 111
107 109 110 111 112 282
108 109 110 111 112 113
109 110 111 112 113 114
110 111 112 113 114 115
111 112 113 114 115 116
112 113 114 115 116
113 115 116 117 118
114 115 116 118 119 176
115 116 117 118 120 260
116 117 118 120 121 153
117 118 119 120 121 122 228
118 119 120 121 122 256
119 120 121 122 123 289
120 121 122 123 125 275
121 122 123 124 125 126
122 123 124 125 126 127
123 124 125 126 127 128
124 125 126 127 128 129 296 132
125 126 127 128 129 130
126 127 128 129 130 131 202
127 128 129 130 131 132
128 129 130 131 132 133
129 130 132 133 134 267 226
130 131 132 134 135 143
131 132 133 134 135 136 188
132 133 135 136 137
133 134 135 136 138 157
134 135 136 137 138 139
135 136 137 138 139 140
136 137 138 139 141 230 296
137 138 139 140 141 142
138 139 140 141 142 143
139 140 141 142 143 144
140 141 142 143 144 145
141 142 143 144 145 146 231
142 144 145 146 147
143 144 145 146 147 148 279
144 145 146 147 148 149
145 146 147 148 149 150
146 147 148 149 150 151
147 148 149 150 151 152
148 149 150 151 152 170
149 150 151 152 153 154
150 151 152 153 154 155
151 152 153 154 155 156 237 260
152 154 155 156 157 294 241
153 154 155 156 157 158 199
154 155 156 157 159
155 156 157 158 159 160
156 157 158 159 160 161
157 158 159 160 161 162
158 159 160 161 162 163
159 161 162 163 164 286
160 161 162 163 164 189
161 162 163 165 166 195 201
162 163 164 165 166 167 265
163 164 165 166 167 168
164 165 166 167 168 169
165 166 167 168 169 170
166 170 171 226 292
167 168 169 170 172 241
168 169 170 172 173
169 170 171 172 173 174
170 171 172 173 174 175
171 172 173 174 175 176
172 173 174 175 176 177
173 174 175 176 177 178 293
174 175 176 177 178 179
175 177 178 179 180
176 177 178 179 180 181
177 178 179 180 181 182
178 179 180 181 182 183
179 180 181 182 183 184
180 181 182 183 184 185
181 182 183 184 185
182 183 184 185 186 187
183 184 185 186 187 188
184 185 186 187 188 189
185 186 187 188 189 190
186 187 188 189 190 191 199
187 188 189 190 191 192
188 190 192 193
189 190 191 192 245
190 191 192 194 272 262
191 192 193 194 195 196
192 193 194 195 196 197
193 194 195 196 197 198
194 195 196 197 198 199
195 197 198 199 280
196 197 198 199 200 201
197 198 199 200 201 202
198 199 200 202 203 234
199 200 201 203 290
200 201 202 203 204 205
201 202 203 204 205
202 203 205 206 207
203 205 206 207 208
204 205 206 207 208 209 296
205 206 207 208 209 210
206 207 208 209 210 211 257
207 208 209 210 211 212
208 209 210 211 212 213
209 210 211 212 213 214
210 211 212 213 214 215
211 212 213 214 215 216
212 213 214 215 216 217 236
213 214 215 216 217 218
214 215 216 217 218 219
215 216 217 218 219 220
216 217 218 219 220 221 225
217 218 219 220 221 222 224
218 219 220 221 222 223
219 220 221 222 223 224
220 221 222 223 224 225
221 222 223 224 225 226
222 223 224 225 226 227
223 224 225 226 227 228
224 225 228 229 261
225 226 228 229 250
226 227 229 230
227 228 229 230 231 232
228 231 232 281 259
229 230 231 232 233 234 280
230 232 233 234
231 232 234 235 270
232 233 234 235 236 237
233 234 235 236 237 238
234 235 236 237 238 239
235 236 237 238 239 240
236 237 238 239 241
237 240 241 242 267
238 240 241
239 241 242 243 244
240 241 242 243 244 245
241 242 244 245 246
242 243 244 245 246 247
243 244 245 246 247 248
244 245 246 247 248 249
245 246 247 248 249 250
246 247 248 250 251
247 248 249 250 251 252
248 249 250 251 252 253
249 250 251 252 253 254
250 251 252 253 254 255
251 252 253 254 255 256
252 253 254 255 256 257
253 254 255 256 257 258
254 255 256 257 258 259
255 256 257 258 259 260
256 257 258 259 260 261
257 258 260 261 262
258 259 260 261 262 263
259 260 261 262 263 264
260 262 263 264 265
261 262 263 264 265 266
262 263 264 265 267 274
263 264 265 266 267 268
264 265 266 268 269
265 267 268 269 270
266 267 268 269 270 271
267 268 269 271 272
268 269 270 271 272 273
269 270 271 272 273 274
270 271 272 274 275 288
271 272 273 274 275 276
272 273 274 276 277
273 274 275 276 277 278
274 275 276 277 278 279
275 276 277 278 279 280
276 277 278 279 280
277 278 279 280 281 282 290
278 279 280 281 282 283
279 281 282 283 284
280 282 283 284 285
281 283 284 285 286 294
282 283 284 285 286 287
283 284 285 286 287 288
284 285 287 288 289
285 286 288 289 290
286 287 288 289 291
287 288 289 290 291
288 289 291 292 293
289 290 291 292 293 294
290 291 292 294
291 292 293 294 295 296
292 293 294 295 296 297
293 294 295 296 297
294 295 296 297 298 299
295 296 297 298 299
296 299
297 298 299
298 299
299
