#graphGeneration.py
# GMT Mon May  3 09:30:33 2021
# 
0 1 149 2 3 147 4 5 145 6 144 7 143 8 142 9 141 10 140 58
1 2 3 4 148 147 6 146 7 145 8 144 9 143 10 142 11 141 52 57 72
2 3 4 149 6 148 7 147 8 146 9 145 10 11 143 142 66 117
3 4 5 6 7 8 148 9 147 10 146 145 12 144 13 143 40
4 6 7 8 9 10 11 147 12 146 13 145 14 102
5 6 7 8 9 10 149 12 148 13 147 14 146 15 145 78
6 7 8 9 10 12 13 149 14 148 15 147 16 146 111 65
7 8 9 11 12 15 149 16 148 17 147 61 42 59 81 95
8 10 12 13 14 16 17 149 18 148 133 33 104 102
9 10 11 12 13 14 15 16 17 18 19 149
10 11 12 13 14 15 16 17 18 19 20 46
11 12 13 14 16 17 18 19 20 21 42 84 89 45
12 13 14 15 16 17 18 19 20 21 22 119
13 14 15 16 17 18 19 20 21 22 23 75 26
14 15 16 17 18 19 21 22 23 24 112 148
15 16 17 18 19 20 21 22 23 24 25 124
16 17 18 19 20 21 22 23 24 25 26
17 18 19 20 21 22 23 24 25 27 65
18 19 20 22 24 25 27 28 81 69 73
19 20 21 23 24 25 26 27 28 29 69
20 21 24 25 26 27 28 29 30 51 32 73 78
21 22 23 24 25 26 27 28 29 30 65 84
22 23 24 25 26 27 28 29 31 32 80
23 24 25 26 27 28 29 30 32 33 34
24 26 27 28 29 30 31 32 33 34 86
25 26 27 28 29 30 31 32 33 34 35
26 27 28 29 31 32 33 34 35 36
27 28 29 30 31 32 33 34 35 36 37
28 29 32 33 34 35 36 37 38 125 93
29 31 32 33 34 35 36 37 38 39 140 47 61
30 31 32 33 35 36 39 40 67 143 86
31 33 34 35 36 37 39 40 41 74 71
32 33 35 36 37 38 39 40 41 90 44
33 34 35 36 37 38 39 40 41 42 43 144
34 35 36 37 38 39 40 41 42 44 70 102
35 36 38 39 40 41 42 43 44 45 88 95
36 37 38 40 41 42 43 44 45 46 91 65
37 38 40 41 42 43 44 45 46 47 139 105 66 144
38 39 40 41 42 43 45 46 47 105 86 65 67
39 40 41 42 43 44 45 46 47 48 49
40 41 42 43 44 45 47 48 49 50 98
41 42 43 44 45 46 48 49 50 63 93 149
42 44 46 47 49 50 51 52 99
43 44 45 46 47 48 49 50 51 52 53 94 62
44 45 46 47 49 50 51 52 53 54 91
45 46 48 49 50 51 52 54 55 93 100 134
46 47 48 49 50 51 52 53 54 55
47 48 49 51 52 54 55 56 57 141 71 114 119
48 49 50 51 52 53 54 56 57 58 83
49 50 51 52 53 54 55 56 58 59 137
50 53 54 55 56 57 58 59 60 112 77 138
51 52 53 54 55 56 57 58 59 60 61
52 53 54 55 56 57 58 59 60 62 89
53 54 55 56 57 58 59 60 61 62 63 130
54 55 56 57 58 59 60 62 63 64 71 87
55 56 57 58 59 60 61 62 63 64 65
56 57 58 59 60 62 63 64 66 79 76 68
57 58 59 60 61 63 64 65 66 67 101 84 113
58 60 61 64 65 66 67 68 71 75 85
59 60 61 62 63 64 65 66 67 68 69
60 61 62 63 64 65 66 67 69 70 116 148
61 62 63 64 65 66 67 68 69 71
62 63 65 66 67 68 69 70 71 130
63 64 66 68 69 70 71 72 73 79 78
64 65 66 67 68 69 71 72 73 74 115 101
65 67 68 69 70 71 72 73 74
66 67 68 69 70 71 72 73 75 76
67 68 69 70 71 72 73 74 75 76 135 85
68 69 70 71 72 73 74 75 76 77 78
69 70 71 72 73 74 75 76 77 78 79 119
70 72 73 75 76 77 78 79 80 82
71 72 73 75 77 78 79 80 81 124 100
72 73 74 75 76 78 79 80 81 82
73 74 75 76 77 78 79 80 81 82 83 91
74 75 76 77 78 79 80 81 82 83 84 146 105
75 76 78 79 80 81 82 83 85 127
76 77 78 79 80 82 83 84 85 86
77 78 79 80 81 82 83 84 85 86 87 131
78 79 80 81 83 84 85 86 87 88
79 80 81 82 83 84 85 86 87 88 89 133
80 81 82 83 84 85 86 88 89 90 121 132
81 82 83 84 85 88 89 90 91 93
82 83 84 85 86 89 91 92 96 117 122
83 84 85 86 87 88 89 90 91 92 93
84 86 87 88 89 90 91 92 94
85 86 87 88 89 90 92 94 95
86 87 88 89 90 91 92 93 94 95 96 121
87 88 89 90 92 93 94 95 96 97 111
88 89 90 91 92 93 94 95 96 97 98 149 117
89 90 91 93 95 96 97 98 99 134 129
90 91 92 93 94 95 96 97 99 100
91 92 94 95 97 98 99 100 101 108
92 93 94 95 96 97 98 100 101 102 133 118
93 94 95 96 97 98 100 101 102 103
94 96 97 98 99 100 101 102 103 104 118
95 96 97 99 100 101 102 103 104 105 129
96 97 98 99 100 101 102 103 104 105 106
97 98 99 100 101 102 103 104 105 106 107
98 99 100 101 102 103 104 105 106 107 108
99 100 101 102 103 104 105 106 108 109 116
100 101 103 104 105 106 107 108 109
101 103 105 106 107 108 109 110 111 135
102 103 104 105 106 107 108 109 110 111 112
103 104 105 106 107 108 109 110 111 112 113
104 105 106 108 109 110 111 112 113 114
105 106 107 110 111 112 113 114
106 107 108 109 110 111 112 113 114 115 116
107 108 109 110 111 113 114 115 116 117 124
108 109 111 112 113 114 115 116 117 118
109 110 111 112 113 114 115 116 117 118 119
110 111 112 113 114 115 116 117 118 119 120 134
111 112 113 114 115 116 117 118 119 120 121 124 149
112 113 114 115 116 117 118 119 120 121 122
113 114 115 116 117 118 119 120 121 123
114 115 116 117 118 119 120 121 122 123 124
115 117 118 119 120 121 122 123 124 125
116 117 118 120 122 123 124 125 126 130
117 118 119 120 122 123 124 125 126 127
118 119 120 121 122 123 124 125 126 128
119 120 121 122 124 126 127 128
120 121 122 123 124 125 126 127 128 129 130
121 123 124 125 126 127 128 129 131
122 123 124 125 126 127 128 129 130 131 132
123 124 125 126 127 128 129 130 131 132 133
124 125 126 129 130 132 133 134
125 126 127 128 129 130 131 132 133 134 135
126 127 128 129 130 131 132 133 134 135 136
127 128 129 130 131 132 133 134 135 136 137
128 129 130 131 132 133 134 135 136 137 138
129 130 131 132 133 134 136 138 139 135
130 132 133 134 135 136 137 138 139 140 148
131 132 133 134 135 136 138 139 140 141
132 133 134 135 136 137 138 139 140 141 142
133 134 135 136 138 139 140 142 143 149
134 135 136 137 139 140 141 142 143 144
135 136 137 139 140 141 142 143 144
136 137 138 139 140 141 142 143 144 145 146
137 138 139 140 141 142 143 144 145 146 147
138 139 140 141 143 144 145 146 147 148
139 140 141 142 143 144 145 146 147 148 149
140 141 142 143 144 145 146 147 148 149
141 142 144 145 146 147 148 149
142 143 144 145 146 147 148 149
143 144 145 146 147 148 149
144 145 146 147 148 149
145 146 147 148 149
146 147 148 149
147 148 149
148 149
149
