#graphGeneration.py
# GMT Mon May  3 09:30:35 2021
# 
0 1 199 2 198 3 4 196 5 195 6 194 7 193 8 192 9 190 180
1 2 3 199 4 5 197 6 196 7 195 8 194 9 193 10 192 191 76 28 184
2 3 4 5 199 6 198 7 197 8 196 9 195 10 11 193 12 192
3 4 5 6 7 199 8 198 197 10 196 11 195 12 194 13 82 122
4 5 6 7 8 9 199 10 198 11 197 12 196 13 195 14 194 132
5 7 8 9 10 11 199 12 198 13 197 14 196 15 195 120
6 7 8 9 10 13 199 14 198 15 197 164 187 89
7 8 9 10 11 13 14 15 199 16 198 197 195 117 24 124
8 9 10 12 13 14 15 16 17 199 18 198 31 179 42
9 10 11 12 13 14 15 16 17 18 19 199 192
10 11 12 13 14 15 16 17 18 19 20 46
11 12 13 14 15 16 17 18 19 20 21
12 13 14 15 16 17 18 19 20 21 22 30 113 172
13 14 15 16 17 18 19 20 21 22 23 198
14 15 16 17 18 19 20 22 23 28 117 59
15 16 17 18 19 20 21 22 23 24 25
16 17 18 19 20 21 22 23 24 25 26
17 18 19 20 21 22 23 24 25 26 27 62 115
18 19 20 21 22 23 24 25 26 27 103 44 193
19 22 23 24 25 27 28 29 194 160 135 125
20 21 22 23 24 25 26 27 28 29 30
21 23 24 25 26 27 28 29 30 31 199 60
22 24 25 26 27 28 29 30 31 32 68
23 24 25 26 27 28 29 30 31 32 33 188
24 25 26 27 28 29 31 32 33 34
25 26 27 28 29 30 31 32 34 35 87
26 27 29 30 31 32 33 34 35 36 82 99
27 28 29 30 31 32 33 34 35 37 137
28 29 31 32 33 34 35 36 38 64 163 77
29 30 31 32 33 34 35 36 37 38 39 92
30 31 33 34 35 36 37 39 40 99 69
31 32 34 35 36 37 38 39 40 41 139
32 33 34 35 36 37 38 39 40 41 42
33 36 37 38 39 41 42 43 126 128 169 110
34 35 36 37 38 40 41 42 43 44 147
35 36 37 38 39 40 41 42 43 44 45
36 37 39 40 41 42 43 44 45 46 98 82
37 38 39 40 42 43 44 45 46 47 181
38 39 40 41 42 43 44 45 46 48 139
39 40 41 42 43 44 45 46 47 48 49 148
40 41 42 43 45 47 48 49 50 177 192
41 42 43 44 45 46 47 48 49 50 51
42 43 44 45 48 50 51 52 60 142
43 44 45 46 47 48 49 50 51 52 53
44 45 46 48 49 50 51 52 53 183 119 55 112
45 46 47 48 50 51 52 53 54 55 156 172
46 47 49 50 51 52 53 54 55 56 107
47 48 49 50 51 52 54 55 56 57 168
48 49 50 51 52 53 54 55 57 58 95 64
49 50 51 53 54 55 57 58 59 69 105 109 142
50 51 52 53 54 55 56 57 58 60 103 185
51 52 53 54 55 56 57 58 59 60 61 62
52 53 54 57 58 59 60 61 62 129 102
53 54 55 56 57 58 59 60 61 62 63 154 133
54 55 56 57 58 59 61 62 63 164 76 121
55 56 57 58 59 60 61 62 63 64 174 114
56 57 58 59 60 61 62 63 64 65 66 173 113
57 58 59 60 61 62 63 64 65 66 67 93
58 59 60 61 62 63 64 65 66 67 68 170
59 60 61 62 63 64 65 66 67 68 69 72
60 62 64 65 66 68 69 70 163 127 174
61 62 63 64 65 66 67 68 69 71 167 190
62 64 65 66 68 69 70 72 176
63 64 66 67 68 69 70 71 72 73 108 180
64 65 66 68 69 70 71 72 73 74 178
65 66 67 68 69 70 71 72 73 74 75
66 67 69 70 71 72 73 75 76 83 107
67 68 69 70 71 72 73 74 75 161 94 91
68 70 71 72 73 74 75 76 77 78 157
69 70 71 72 73 74 75 77 78 174
70 71 72 73 74 75 76 77 78 79 175
71 72 73 74 75 76 77 78 79 80 81
72 73 74 75 76 77 78 80 82 132
73 74 75 76 77 78 79 80 81 82 83 143
74 75 76 77 78 79 80 81 82 83 84
75 76 77 78 79 80 81 82 84 85 88
76 78 79 80 81 82 84 85 86 99
77 79 80 82 83 84 85 86 87 153
78 79 80 81 82 83 84 85 87 88 155 199
79 80 81 82 83 84 85 86 87 88 89
80 81 82 83 84 85 86 87 88 89 90
81 82 83 84 85 86 87 88 89 90 91
82 83 85 86 87 88 89 90 91 92 113
83 84 85 86 87 88 89 90 91 93 104 166
84 85 86 87 88 89 90 91 92 93 94
85 86 87 88 89 90 91 92 93 94 95 194 132
86 87 88 89 90 92 93 94 95 96 117 189 100
87 88 89 90 91 93 94 95 96 97 194 104
88 89 90 91 92 93 94 96 97 98 101 115 146
89 90 91 92 93 94 95 96 97 98 99
90 91 92 93 94 95 96 97 98 99 100
91 92 93 94 95 96 97 98 99 100 101
92 93 95 96 97 98 100 101 102 103 169
93 94 95 96 97 98 99 101 102 103
94 95 96 97 98 99 100 101 102 103 104 120 106
95 96 97 99 100 101 102 103 104 105 163
96 97 98 99 100 101 102 103 104 105 106
97 98 99 101 102 103 104 105 106 107 197 180 117
98 99 101 102 103 104 105 106 107 108 196 169
99 100 101 102 105 106 109 139 167
100 101 102 103 104 105 106 107 108 109 110
101 102 103 104 106 107 108 109 110 111 191
102 103 104 105 106 107 108 109 110 111 112 167 169
103 104 106 107 108 109 110 112 113 141 171
104 105 107 108 109 112 113 114 115
105 106 107 108 109 111 112 113 114 115 189 149 156
106 107 108 109 110 112 114 115 116 176 148
107 108 110 111 112 113 114 115 116 117
108 109 110 111 113 114 115 116 117 118 140 132
109 110 111 112 113 114 115 116 117 118 119
110 111 112 113 114 115 116 117 118 119 120
111 112 113 114 115 116 117 118 119 120 121
112 113 114 115 116 117 118 119 121 145 138 134
113 114 115 117 118 119 120 123
114 115 116 119 120 121 122 123 124 158
115 116 117 118 119 121 123 124 125 191 186
116 117 118 120 121 122 123 124 125 126 137
117 118 119 121 122 123 124 126 127 143
118 119 120 121 122 123 124 125 126 127 128
119 120 121 122 123 124 125 126 127 128 129 141
120 122 123 124 125 126 128 129 130 137 121
121 122 123 124 125 126 127 128 129 130 131
122 123 124 125 126 127 130 131 132 137
123 124 125 126 127 128 129 132 133 196 172 173
124 125 126 127 128 129 130 131 132 133 194 154
125 126 127 128 129 130 131 132 133 134 135
126 127 128 129 130 131 132 133 134 135 136 172
127 128 129 130 131 132 133 134 135 136 137
128 129 130 131 132 133 134 135 136 137 138 197
129 130 131 132 133 134 135 136 137 138 139
130 131 132 133 134 135 136 137 138 139 140
131 132 133 134 135 136 137 138 139 140 141
132 134 135 137 138 139 141 142 145
133 134 135 136 137 138 139 140 142 143
134 135 136 137 139 140 141 143 144 184
135 136 137 139 140 141 142 144 145 185
136 137 138 139 140 142 143 144 146 157 159
137 138 139 140 142 143 144 145 146 147
138 139 140 141 143 144 145 146 147 148 190
139 140 141 142 143 145 146 147 148 149
140 141 142 144 145 146 147 148 149 150
141 143 144 146 147 148 149 150 151 153
142 143 144 145 146 147 148 149 151 152
143 144 145 147 148 149 150 151 152
144 145 146 147 148 149 150 151 152 153 154
145 146 147 148 149 151 152 154 155 193
146 147 148 149 150 151 152 153 154 155 156
147 148 149 150 151 152 153 154 155 156 157
148 149 150 151 153 154 155 156 157 158
149 150 151 152 153 154 155 157 158 160 170
150 151 152 153 154 155 156 157 158 159 160 187
151 152 153 154 155 156 158 159 160 161 194
152 153 154 155 156 157 158 159 160 161 162
153 154 155 156 157 158 159 160 161 162 163
154 155 156 158 159 160 161 162 163 164
155 156 157 158 159 160 161 163 164 165
156 157 158 159 160 161 162 163 164 165
157 158 159 160 161 162 163 164 165 166 167
158 159 160 161 162 163 164 165 166 167 168 194
159 160 161 162 163 164 165 166 167 168 169 174
160 161 162 164 165 166 167 168 169 170
161 162 163 164 165 166 167 169 170 171 183
162 163 164 165 166 167 168 169 170 171 172
163 164 165 168 169 170 171 172 173
164 165 166 167 168 169 170 171 172 173 174 197
165 166 167 168 169 170 171 172 173 174 175
166 167 169 170 171 172 173 174 175 176 184
167 168 170 171 172 173 175 176 177
168 169 170 171 172 173 174 175 176 177 178
169 170 171 172 174 175 178
170 171 174 175 176 177 178 179 180 182
171 172 173 175 176 177 178 179 180 181
172 173 174 177 178 180 181 182
173 174 175 178 179 180 181 182 183 197
174 177 178 179 180 181 182 184 192
175 176 177 178 179 180 181 182 183 184 185
176 177 178 179 180 182 183 184 185 186 196
177 178 179 180 181 182 183 184 185 186 187 191
178 179 180 181 182 183 184 185 186 187
179 180 181 182 183 184 185 186 187 188 189
180 181 182 183 184 186 187 188 189
181 182 183 184 185 186 187 188 189 190 191
182 183 184 185 186 187 188 189 190 191 192
183 184 185 186 187 188 189 190 191 192
184 185 186 187 188 189 190 191 192 193 194
185 186 187 188 189 190 191 192 193 195
186 187 188 189 190 191 192 193 194 195
187 189 190 191 192 193 194 195 196 197
188 189 191 192 193 194 195 196 197 198
189 190 191 193 194 195 197 198 199
190 191 192 193 194 195 196 197 198 199
191 194 195 196 197 198 199
192 193 194 197 198 199
193 194 195 196 197 198 199
194 195 198 199
195 196 197 199
196 198 199
197 198
198 199
199
