#graphGeneration.py
# GMT Mon May  3 09:30:39 2021
# 
0 1 299 2 298 297 4 296 5 295 101
1 2 3 299 4 298 297 296 8 72 154 178
2 3 4 5 6 298 7 297 71 86
3 4 6 7 299 8 298 261
4 7 8 9 299 205 177
5 6 7 8 9 158
6 7 8 9 10 11
7 8 10 11 12 132 55
8 10 12 13 266
9 10 11 12 13 14
10 11 12 13 14 15
11 12 13 14 15 16
12 13 16 17 122 267
13 14 16 17 18 67
14 15 16 17 18 19 50
15 16 17 18 19 20
16 17 18 19 20 23 74
17 18 19 20 21 22 110
18 19 20 21 23 293
19 20 21 24 223 282
20 21 22 23 24 25 218
21 22 23 24 25 26
22 23 24 25 27 95 31 252
23 24 26 27 28 42
24 26 27 28 29 172 277
25 26 28 29 30 138
26 27 29 31 147 191
27 28 29 30 32 230 183 205
28 29 30 31 32 33
29 31 32 33 34 280
30 31 32 33 34 35
31 33 35 36 149
32 33 34 35 36 37 179
33 34 35 36 37 38
34 35 37 38 39 186
35 36 37 38 39 40
36 37 38 39 40 41 247
37 38 39 40 41 42
38 39 40 41 42 43
39 40 41 42 43 131
40 41 42 43 44 45 236
41 42 43 44 45 46
42 45 46 47 86
43 44 45 46 47 48
44 45 46 47 48 49
45 46 47 48 49 50
46 47 48 49 50 51
47 48 49 50 51 52
48 49 50 51 52 53
49 50 51 52 54 286
50 53 55 103 143
51 52 53 54 55 56 106
52 53 54 55 56 57
53 54 55 56 57 58
54 55 56 57 58 59
55 56 58 59 60
56 57 58 59 60 180 204
57 58 59 60 61 62 181
58 59 60 61 62 63
59 60 61 62 63 64 83
60 61 62 63 64 65 215
61 62 63 64 65 66
62 63 64 65 66 67
63 64 65 66 67 68
64 65 66 67 68 69 261
65 66 67 68 69 70
66 67 68 69 70 71
67 69 70 72 182 166
68 69 70 71 72 73
69 70 71 72 73 74 228 192
70 71 72 74 75 101 158
71 72 73 75 76 289
72 73 74 76 77
73 75 76 78 147 246 174
74 75 76 77 78 111 178
75 76 77 78 79 80 211
76 77 78 79 80 81
77 78 80 81 82 108 263 242
78 79 80 81 82 201 137
79 80 81 82 83 84
80 82 83 84 85 98
81 82 83 84 85 86 172
82 83 84 85 86 87
83 84 85 86 87 185
84 85 86 87 88 89
85 86 87 89 90 94
86 87 88 90 91 97 217
87 88 89 90 91 92
88 89 90 91 92 93
89 90 91 92 93 94 204
90 91 92 94 95 113
91 92 93 94 95 96 255 168
92 93 94 95 96 97
93 94 95 96 97 98
94 95 96 97 98 99 296
95 96 99 100 186
96 97 98 100 101 193
97 99 100 101 255
98 99 100 101 102 103
99 100 101 102 104 187 265
100 101 102 103 104 105 204
101 102 104 105 106
102 103 104 105 106 107
103 104 105 107 108 173 198
104 106 107 108 109 270
105 106 107 108 109 110
106 107 108 110 114
107 108 110 111 112 133 115
108 109 110 111 112 113 229
109 110 111 112 113 114
110 111 113 114 115
111 112 114 116 236
112 113 114 115 116 117
113 114 115 116 117 118
114 115 116 117 118 119 135
115 116 117 118 119 120
116 117 118 119 120 121
117 118 119 120 121 122 256
118 120 121 122 123 129
119 120 121 122 123 124 172
120 121 122 123 124 125
121 122 123 124 125 126 131
122 123 125 126 127 261 234
123 124 125 126 127 128
124 126 127 128 129 161
125 126 127 128 129 130
126 127 128 129 130 131
127 128 129 130 131 132 205
128 129 130 131 132 133
129 130 131 132 133 134
130 131 133 134 135 223
131 132 133 135 136 210
132 133 134 135 136 137
133 135 136 137 138
134 135 136 137 138 139 141 187
135 136 137 138 139 252
136 137 138 139 140 141
137 138 139 140 141 142
138 139 140 141 142 143
139 140 141 142 143 144
140 141 142 143 144 189
141 142 144 145 146
142 143 144 145 146 147
143 144 145 146 261 172
144 145 146 147 149 189
145 146 147 148 149 150
146 147 148 149 150 151
147 148 149 150 151 152 187
148 149 150 151 152 153 280
149 150 151 152 153 154
150 151 152 153 154 155
151 152 153 154 155 156
152 153 154 155 156 157
153 154 155 156 157 158
154 155 156 157 158 159
155 156 157 158 159 160
156 157 158 159 160 161 221
157 158 160 161 162 291
158 159 160 161 162 163
159 160 161 162 163 164 218
160 161 162 163 164 165
161 162 163 164 165 166 191
162 163 164 165 166 167
163 164 165 166 167 168
164 165 166 168 169 222
165 166 167 168 169 170
166 167 168 169 170 171
167 168 169 170 171 172
168 169 171 172 173
169 170 171 172 173 174 193
170 171 172 174 175 292
171 172 173 174 175 176
172 173 174 177 202
173 175 176 177 178 199
174 175 176 177 178 234
175 176 177 178 179 180
176 177 178 179 180 181
177 178 179 180 181 182 189 275
178 179 180 181 182 183
179 180 181 183 184
180 181 182 184 185
181 183 184 185 186
182 183 184 185 186 187
183 184 186 187 188 263
184 185 186 187 188 189
185 186 187 189 190
186 187 188 189 190 191
187 188 192 199
188 189 190 191 192 193
189 191 192 193 194
190 191 192 193 194 195
191 193 194 196 278 299
192 193 194 195 197 278
193 194 195 196 197
194 195 196 197 198 199
195 196 197 198 199 200
196 197 198 199 200 201 204
197 198 199 200 201 202
198 199 200 201 202 203 206
199 201 202 204
200 201 202 203 204 205
201 202 204 205 206 270
202 203 204 206 207
203 204 205 206 207 208 230
204 206 208 260
205 206 207 209 210
206 207 208 210 211 275
207 208 209 210 211 212
208 209 210 211 212 213
209 210 211 212 213 214
210 211 212 213 214
211 212 213 215 216
212 213 214 215 216 217
213 214 215 216 217 298
214 215 216 217 219 268
215 216 218 219 220
216 217 218 219 220 221
217 219 220 221 222
218 220 221 275
219 220 221 222 223 224
220 221 222 223 224 225
221 222 224 225 226
222 223 224 225 226 227
223 224 225 226 227 228 245
224 225 226 227 228 229
225 226 227 228 229 230
226 227 228 229 230 231
227 228 229 230 231 232
228 229 231 232 233
229 230 231 232 234
230 232 234 235
231 232 233 234 235 236
232 233 234 235 236 237
233 234 235 236 237 238
234 235 236 237 238
235 236 237 238 239 240 288
236 237 239 240 241
237 238 239 240 241 242 294
238 239 240 241 242 243
239 240 241 242 243 244
240 241 242 243 244 245
241 242 243 244 245 246
242 243 244 245 246
243 244 245 246 247 248 282
244 245 246 247 248 249
245 246 248 249 250 253
246 248 249 250 251
247 248 249 251 252
248 249 250 251 252 253
249 250 251 253 254 258
250 251 252 253 254 255
251 252 253 255 256 271
252 253 254 256 257
253 254 255 256 258
254 255 256 257 258 259
255 257 258 259 260
256 257 258 259 261
257 258 259 260 261 262
258 259 260 261 262 263
259 260 261 262 263 264
260 261 262 264 265
261 262 263 264 266
262 263 264 265 266 267
263 266 267 268
264 265 266 267 268 269
265 266 267 268 269 270
266 267 268 269 270 271
267 268 269 270 271 272
268 269 270 271 272 273
269 270 271 272 273 274
270 271 272 273 275
271 272 273 274 275 276 292
272 273 274 275 276 277
273 274 275 276 277 278
274 275 276 277 278 279
275 276 278 279
276 277 278 279 280 281
277 278 280 281 282
278 279 280 281 282
279 280 281 282 283 284
280 281 282 283 284
281 282 283 284 285 286
282 283 285 286 287
283 284 285 286 287 288
284 285 286 287 288 289
285 286 287 288 289 290
286 287 288 289 290 291
287 288 289 290 291 292
288 289 290 292 293
289 290 292 293 294
290 291 292 293 294 295
291 292 293 294 295 296
292 293 295 296 297
293 294 295 296 297 298
294 295 296 297 298
295 296 297 298 299
296 298 299
297 298 299
298 299
299
