#graphGeneration.py
# GMT Mon May  3 09:30:39 2021
# 
0 299 2 298 297 4 5 52 186 78
1 2 299 298 5 297 6 296 59 222 279 193 76 242
2 3 4 5 299 6 298 7 297 177 292 75 160
3 5 6 7 299 8 298 10
4 5 7 8 9 283
5 6 8 9 10 272 219 80
6 7 9 10 11 231 46
7 8 9 10 11 91 193 86
8 10 12 13 274 198
9 10 11 12 14 298 66 109
10 11 12 13 15 51
11 12 13 15 16 215 51 257
12 14 16 17 133 233 23
13 14 15 16 18 52 143 76
14 16 17 18 158 48
15 18 19 20 190 182 40
16 18 19 20 21 172
17 18 19 20 49 261 253 36
18 19 20 21 23 207 189 66
19 21 22 24 242 131 177
20 23 24 25 280 108
21 22 24 157 172 260 284
22 24 25 26 27 149 31 70 35 243 294 216
23 24 25 26 27 280
24 25 26 27 28 29 196 136
25 26 27 28 29 114 299
26 27 30 31 120 249 218
27 28 29 30 31 266
28 29 30 31 33 82 163
29 30 31 32 33 200 101 131
30 32 33 34 156 128 108
31 33 34 36 46 78 296 279 228
32 34 35 36 37 236 267 286
33 34 35 37 38 171 243 103 210
34 36 37 38 39 273 183
35 36 38 39 40
36 37 38 39 40 241 145
37 39 40 42 100 88
38 40 41 103 100 224 116 217
39 40 42 44 102 208
40 41 42 43 162 90
41 43 45 46 223 220 265 121 58
42 43 44 45 46 47 53 221
43 44 46 47 48 157 117
44 45 47 48 49 260
45 46 47 48 49 50
46 50 51 115
47 48 49 50 52 161
48 50 51 52 53 298
49 50 52 53 54 272 275 176
50 53 54 55 169 74 266
51 52 54 55 56 127 263
52 54 170 264 261 122
53 55 56 57 58
54 55 56 59 288 147
55 56 58 59 60 198
56 57 58 59 61 180 84 87 69
57 58 59 60 61 62 148 184
58 61 62 147 252
59 60 61 63 226 250 108 77
60 62 63 64 65 210
61 62 63 64 70 180
62 63 65 66 67 144
63 64 65 66 67 68
64 66 67 69 98 134
65 66 67 68 69 70 126 94
66 69 128 173 258 123
67 68 69 70 71 72 265
68 69 70 71 73 242
69 70 71 74 155 95 247 208
70 72 73 74 75 162
71 72 73 74 75 76 192 206
72 73 74 75 76 77
73 74 75 76 77 78 120 121
74 75 76 77 78 79 163
75 76 77 78 80 113 100
76 77 80 81 174 278 143 124
77 79 80 81 82 106 185 149
78 81 83 134
79 81 83 84 86 167
80 81 82 83 84 136 173 226
81 82 83 84 85 86 197
82 83 84 86 87
83 84 85 86 88 173 275
84 85 86 88 269 98
85 86 87 88 89 90 244
86 88 89 90 270 290 167 228 118 161
87 89 91 92 209 274 173
88 89 90 92 93 100
89 93 94 103 110 99 214
90 92 93 94 95 210 261
91 92 93 95 96 212 233
92 95 96 97 227 174 234 199
93 96 97 219 291 148
94 95 96 291 207 108 262
95 96 98 99 125 179 193
96 98 99 100 101 130
97 100 101 102 269 161
98 101 103 118 290 181
99 100 101 102 103 104
100 105 166 168 190 128
101 103 105 106 161 216
102 103 104 105 123 215 213 140
103 104 105 106 107
104 105 106 107 109 215
105 106 107 108 124 266
106 107 108 109 110 111
107 108 109 111 127 169 186
108 109 113 166 198
109 110 111 112 113 114 173
110 112 113 114 115 293
111 112 113 114 115 116
112 113 114 115 116 117 199
113 114 115 117 118
114 115 117 118 119 140
115 116 117 118 119 131
116 117 118 119 289 151
117 118 119 120 121 186 156
118 119 120 121 123
119 120 122 134 136 221
120 121 122 135 297
121 123 200 133 233
122 123 124 125 126 127 264
123 126 127 143 166
124 125 126 127 128
125 126 127 128 129 130 184 271 282
126 128 129 130 131
127 128 129 130 132 201 191
128 130 131 132 133
129 130 131 133 134 292
130 131 132 134 135 203 154
131 132 134 135 136 137 291 181 264
132 133 135 136 137 259 183
133 134 136 259 197 167 235 284
134 135 136 137 138 271
135 136 137 138 139 140 151
136 138 140 262 215
137 139 140 141 216 161
138 140 141 142 195 274 242 266
139 140 141 142 156 182 296
140 141 143 144 145
141 142 144 146 178 265 248 270
142 145 147 169 273 283
143 144 146 148 201 240 249
144 145 147 148 149 151
145 146 147 150 188
146 147 148 149 150 173 292
147 148 149 151 152 275 156
148 150 153 258 243
149 150 152 154 156 162
150 151 152 154 155 271
151 152 153 156 269 243
152 155 157 185 288 192 178 223
153 155 156 157 267 217
154 155 156 158 159 193
155 158 159 160 177
156 157 158 161
157 159 161 162 278 204
158 159 160 161 162 163
159 161 162 163 198 179 245 164
160 163 249 169 174 218
161 162 164 166 285
162 163 165 273 182
163 165 166 168 187 288
164 165 166 167 168
165 166 167 168 169 170
166 167 169 171 293 232 239
167 168 169 171 172 239
168 170 171 172 173
169 170 171 194 187
170 171 174 175 223 275
171 172 174 175 176 299
172 175 176 285 270 258
173 231
174 177 178 179
175 176 177 178 179 180 257
176 177 178 179 181 268
177 179 180 182 256 194 208 200
178 179 180 181 182 183
179 181 182 184 209 276
180 182 183 184 185 237
181 182 183 184 271
182 183 184 186 235 204
183 184 185 186 187 219
184 186 188 189
185 186 188 189 190 201 208
186 188 190 191 224
187 188 189 190 191 192
188 189 191 192 193 241 294
189 190 191 192 193 194
190 191 193 194 195 208
191 192 193 194 195 218
192 193 196 197 279
193 194 195 197 198
194 195 197 198 199
195 196 197 200 260 222
196 197 199 200 201 290
197 198 199 200 204
198 199 200 201 202 203
199 200 201 203
200 201 203 204 205 295
201 204 205 206 263
202 203 206 207 241 240
203 204 205 206 207 263
204 205 206 207 252
205 206 207 208 209 210 219
206 207 209 210 211
207 208 212 213 215
208 211
209 211 212 213 214
210 211 212 213 214
211 212 213 214 215 216
212 215 216 221 281
213 214 215 216 218
214 215 216 217 218
215 217 218 220
216 217 219
217 218 219 220 221
218 219 220 222
219 221 241
220 221 223 225 259
221 222 223 224 226
222 225 226 227 299
223 224 225 226 228 233
224 225 226 227 228 229 256 267
225 226 227 228 229 230
226 267 241 271 234
227 229 230 231 232 245 253 292
228 229 230 232
229 230 231 232 233 234 295
230 231 232 233 234 235
231 232 233 234 235 252 251 242
232 233 234 235 236
233 234 236 238
234 235 236 238
235 236 237 239 263
236 237 238 239 240 241
237 238 239 241 252
238 239 240 241 242 243
239 241 242 243
240 241 244 245 299
241 242 244 250 271
242 243 244 246
243 244 246
244 245 246 248 249
245 246 247 248 249 250
246 247 248 249 250 251
247 248 249 251 252 253 267
248 249 250 251 252 253
249 251 252 253 254 276
250 251 252 253 254 255
251 252 253 255 256
252 253 255 256 257
253 254 256 258 299
254 255 256 257 258 259
255 257 258 259 260 261
256 260 261 285
257 258 259 261
258 259 261 293 288
259 261 263 264
260 261 262 263 264 265
261 262 263 265 266 293
262 263 264 265 267
263 264 265 268
264 266 284
265 267 269 270 279
266 267 268 269
267 270 297
268 269 270 271 272
269 270 272 273 274
270 271 272 273
271 273 274 275 276
272 274 275 276 277 283
273 275 276 277 278
274 276 277 278 279
275 278 289 297
276 277 278 280 281
277 278 279 280 281 282
278 280 281 282 283
279 280 283 284
280 281 282 283 284
281 282 283 284 285 286
282 283 285 286 287
283 284 285 287 288
284 285 286 287 288
285 286 287 288 289 290
286 287 288 289 290
287 288 289 290 291 292
288 290 291 292
289 290 291 292 293 294
290 292 293 294
291 294 295 296
292 293 295 296
293 294 295 296 297
294 295 298 299
295 296 297 298
296 298 299 297
297 298 299
298
299
