#graphGeneration.py
# GMT Mon May  3 09:30:31 2021
# 
0 1 99 98 97 4 96 95 6 94 7 93 8 92 9 91 10 90 29 21 11
1 2 3 99 4 98 5 97 6 96 7 8 94 9 10 92 11 55
2 3 4 5 6 98 7 97 8 96 9 95 10 11 93 12 92 84 64
3 4 5 6 7 99 8 98 9 97 10 96 11 95 12 94 13 93
4 5 7 8 9 10 98 11 97 12 96 13 95 14 94 70 62 71 79
5 6 7 8 9 10 11 99 12 98 13 97 14 96 15 95 65
6 7 8 9 10 11 12 13 99 14 98 15 97 16 96 68
7 8 9 10 11 12 13 14 15 99 16 98 17 97 25
8 10 11 12 13 14 15 16 17 99 18 98 49
9 10 11 12 13 14 15 17 18 19 99 55 61 63
10 11 13 14 15 16 17 19 20 57 44
11 14 15 16 17 18 19 20 21 57 96 66
12 13 14 15 16 17 18 19 21 22 38 56
13 14 15 16 17 18 19 20 21 22 23 82
14 15 16 17 18 19 20 21 22 23 24
15 16 17 18 19 20 21 22 23 24 85 80
16 17 18 19 20 21 22 23 24 25 26
17 19 20 21 22 23 24 25 26 27 83
18 19 20 21 22 23 24 25 26 27 28
19 20 21 22 23 24 25 27 29 85 54
20 21 22 23 24 25 26 27 28 29 30 38
21 22 23 24 25 26 28 29 30 31 40 65
22 23 24 25 26 27 29 30 31 32 75 41 57
23 25 26 27 28 29 31 32 33 97 83 38
24 25 26 27 28 29 30 31 32 33 34
25 26 27 29 30 31 33 34 35 73 71 84 70
26 27 28 29 30 31 33 35 36 64 61 59
27 28 29 31 32 33 34 35 36 37 46
28 29 30 31 32 33 34 35 36 37 38
29 30 31 32 33 36 37 38 39 67 81
30 31 32 33 34 35 36 37 38 39 40
31 33 34 37 38 39 40 41 71 94 85 80 99
32 33 34 35 36 37 38 39 41 42 74 83 62
33 34 35 36 37 38 39 40 41 42 43 81
34 35 36 37 38 39 40 41 42 43 44 56 77
35 36 37 39 40 41 42 43 44 45 85 76
36 37 38 40 41 43 44 45 46 52 66
37 38 39 40 41 42 43 44 45 46 47 99
38 39 41 42 43 44 45 46 47 48 52 40 94
39 40 41 43 44 45 46 47 48 49 75
40 41 42 43 45 47 48 49 50 62 70
41 42 43 44 45 46 47 48 49 51 78
42 43 44 45 47 48 49 50 51 52 82 91
43 44 45 46 47 48 49 50 51 52 53
44 45 46 47 48 49 50 51 52 53 67
45 46 47 48 50 51 52 53 54 55 88
46 47 48 49 50 51 52 53 54 55 56 89
47 48 49 50 51 52 53 54 55 56 57
48 49 51 52 53 54 55 56 57 58 86 91
49 50 51 52 53 54 55 56 57 58 59 91 86
50 51 52 53 54 55 56 57 58 59 60 94
51 52 53 54 55 56 57 58 59 60 61 95 87
52 53 55 56 57 58 59 60 61 62
53 54 55 56 57 59 60 61 62 63 72
54 55 56 57 58 59 60 61 62 63 64
55 56 60 61 62 63 64 67 68
56 57 58 59 60 61 65 66 79
57 58 59 60 61 62 63 64 65 66
58 59 60 61 62 63 64 65 66 67 68 93
59 61 62 63 64 65 66 67 69 84
60 61 62 63 64 65 66 67 68 69 70
61 62 63 64 65 66 67 68 70 71 73
62 63 66 67 69 70 72 93
63 64 65 66 67 68 69 70 72 73
64 65 66 67 68 69 70 71 72 73
65 67 68 69 70 71 72 73 75 84 83
66 67 68 69 70 72 74 75 76 91
67 68 69 70 71 72 73 74 75 76 77 87
68 69 70 71 72 73 74 75 76 78 85
69 70 71 72 73 74 75 76 77 78 79
70 71 72 73 74 75 76 78 79 80
71 72 74 75 76 77 79 80 81
72 73 74 75 76 77 78 79 80 81 82
73 75 76 77 78 79 80 81 82 83
74 75 76 77 78 79 80 81 82 83 84
75 76 77 78 79 80 81 82 83 84 85
76 77 78 80 82 83 84 85 86 92
77 78 79 81 82 83 85 86 87 96
78 79 80 81 82 83 84 86 87 88
79 80 81 82 83 84 85 87 88 89
80 81 82 83 84 85 86 87 88 89 90
81 82 83 84 85 86 87 89 90 91
82 83 84 85 86 87 88 89 90 91
83 84 85 86 87 88 90 92 93
84 87 88 89 91 92 93 94
85 86 87 88 90 91 92 94 95
86 87 88 89 90 91 92 93 94 96
87 88 89 90 91 92 94 95 96
88 89 90 91 92 93 94 95 96 97 98
89 91 92 93 94 95 96 97 98 99
90 91 92 93 94 95 96 97 98 99
91 92 94 95 97 98 99
92 93 94 95 96 97 98 99
93 94 95 96 97 98 99
94 95 96 99
95 96 97 98 99
96 97 98 99
97 98 99
98 99
99
