#graphGeneration.py
# GMT Mon May  3 09:30:37 2021
# 
0 1 249 248 4 246 5 245 6 244 7 243 8 242 9 241 10 240 45 48
1 2 249 4 248 5 247 6 7 245 8 244 9 243 10 242 11 241 79 117
2 3 4 249 6 248 7 247 8 246 9 245 10 244 11 243 12 242 197 54 156
3 4 5 6 7 249 8 248 10 246 11 245 12 244 13 243 142 201 16
4 5 6 7 9 249 10 248 11 247 12 13 245 14 244 238 39
5 7 8 9 10 11 249 12 248 13 247 246 15 245 232 64
6 7 8 9 10 11 12 13 249 14 248 15 247 16 246
7 8 9 10 11 12 13 14 15 249 248 17 247 102 35 128 63
8 9 10 11 12 13 14 15 16 17 249 18 248 100
9 10 11 12 13 14 15 16 18 19 249 49 150 202
10 11 12 13 14 15 17 18 20 109 161
11 12 13 14 15 16 17 18 19 20 21 181
12 13 14 15 16 17 18 19 20 21 22 234 52 27
13 14 15 16 17 18 19 20 21 23 105 115
14 15 16 17 18 20 21 22 23 24 232 82
15 16 17 18 19 20 21 22 23 24 25 101
16 17 18 19 20 21 22 23 24 25
17 18 20 21 23 24 25 26 27 108 187 80
18 19 20 22 23 24 26 27 28 236 139 80 203
19 20 21 24 25 26 27 28 29 92 41 95
20 23 24 25 26 27 28 30 194 83 221
21 22 23 24 25 26 28 29 30 31 161 120
22 24 25 26 27 28 30 31 32 199 183
23 25 27 28 29 30 31 32 33 221 38 143 86 65
24 25 26 27 28 29 30 31 32 33 65
25 26 27 28 30 31 32 33 34 35 161
26 27 28 29 30 31 32 33 34 35 36 158
27 28 29 30 31 32 33 34 35 36
28 29 30 31 32 33 34 35 36 37 38 219 69
29 30 31 32 34 36 37 38 39 45 52 72
30 31 32 33 34 35 36 37 38 39 40
31 32 33 34 35 36 37 38 39 40 41
32 33 34 35 36 37 40 41 42 86 56 153
33 34 35 36 37 38 39 40 41 42 43
34 35 36 37 38 39 40 41 42 43 44
35 37 38 39 41 42 43 44 126 216
36 37 39 40 41 42 44 45 46 60 97
37 38 39 40 41 42 43 44 45 46 47
38 39 41 42 43 44 45 46 47 48
39 40 41 42 43 44 45 46 47 48 49
40 41 42 43 44 45 46 47 48 49 50
41 42 43 45 46 47 48 49 50 51
42 43 44 45 46 47 48 50 51 52 117
43 44 45 46 47 48 49 50 51 52 53 144 244
44 45 46 47 48 49 50 51 52 53 54 187
45 46 48 49 50 51 52 53 54 55 136 139 123 143
46 47 48 50 51 52 54 55 56 60 218 228
47 48 49 50 51 52 53 54 55 56 57
48 49 50 51 52 53 54 55 57 58 60 189
49 50 51 52 54 56 57 58 59 164 80
50 51 52 53 54 55 56 57 58 59 60
51 52 54 55 57 59 60 61 196 224 85 229
52 53 54 55 56 57 58 60 61 62
53 54 55 56 57 58 59 60 61 62 63
54 55 56 57 58 62 63 103 130 183
55 56 57 58 59 60 62 63 64 65 220 86 230
56 57 59 60 61 62 63 64 65 66 141
57 58 60 61 62 63 64 65 66 67 83
58 59 60 61 62 64 65 66 67 68 120 168
59 60 61 62 63 64 65 66 68 69 193 159
60 61 63 64 65 66 67 68 69 70 149
61 62 63 65 66 67 68 69 70 71 200 134
62 64 65 66 67 68 69 70 71 72 218
63 64 65 66 68 69 70 71 72 73 164
64 65 66 67 69 70 71 72 73 74 208 216
65 66 67 68 69 71 72 73 74 164
66 68 70 71 72 74 75 76 229 149 193 210
67 68 69 70 71 72 73 74 75 76 128 187 190
68 69 70 71 72 73 74 75 76 77 78
69 70 71 73 74 75 76 77 78 204 113
70 71 72 73 74 75 76 77 78 79 80
71 73 74 75 76 77 78 79 81 157 218 191
72 73 74 75 76 77 78 79 80 81 82 145
73 74 75 76 77 78 79 80 81 82 83
74 75 76 77 78 79 80 81 83 84 180
75 76 77 78 79 80 81 82 84 85 179 184
76 77 78 80 81 82 83 84 85 86 182 205
77 78 79 81 82 83 84 85 86 87 103
78 79 80 82 83 84 85 86 87 88 126 122
79 81 83 84 85 86 87 88 89 247 80
80 82 83 84 85 87 89 153
81 82 83 84 85 86 87 88 89 90 91
82 83 84 85 86 87 88 89 90 91 92 230
83 84 85 86 87 88 89 90 91 92 93
84 85 86 87 88 89 90 91 92 93 94
85 86 87 88 89 90 92 93 95 149 121 180
86 87 88 89 90 91 92 93 94 95 96
87 88 89 90 91 92 94 95 96 97 130
88 89 90 91 92 93 94 95 97 98 207 174 222
89 90 91 92 93 94 95 96 97 98 99
90 91 92 93 94 95 98 99 100 172 237
91 92 93 94 95 96 97 98 99 100 101
92 93 94 95 97 98 99 100 101 102 147 246
93 94 95 96 97 98 99 100 101 102 103
94 95 96 97 98 99 100 101 102 103 104 123 165
95 96 97 98 99 100 101 102 103 104 105
96 97 98 100 101 102 103 104 105 106 161 220
97 98 99 100 101 102 103 104 105 106 247
98 99 100 101 102 103 104 105 106 107 240 123 231
99 100 101 103 104 105 107 108 109 111 187
100 101 102 103 105 106 107 108 109 110 145
101 102 103 104 105 106 107 108 109 111
102 103 104 106 107 108 109 110 111 112 158 136
103 104 105 106 107 108 109 110 111 112 113
104 105 106 108 109 110 111 112 113 114 128
105 106 107 109 110 111 112 113 114 115 156 225 201
106 107 108 109 110 111 112 113 114 115 116 237 118
107 108 109 110 111 112 113 114 115 116 117 234
108 109 110 111 112 113 114 115 116 117 118
109 110 111 112 113 114 115 116 117 118 119
110 111 112 113 114 115 116 117 118 119 120
111 112 113 114 115 116 117 118 119 120 121 180
112 113 114 115 116 117 118 119 120 121 122 168 235
113 114 115 116 117 118 119 120 121 122 145
114 115 116 117 118 119 120 121 122 123 124
115 116 117 118 119 121 123 124 125 146 247 200
116 117 118 119 120 121 123 124 125 126 184 170
117 118 119 120 121 122 123 124 125 126 127 225
118 119 120 121 122 123 124 125 126 128
119 120 122 123 124 125 126 128 129 184 146 153 247 204
120 121 123 125 126 127 128 129 242 243
121 122 123 124 125 126 127 128 129 130 131 236
122 123 124 125 126 127 129 130 131 132
123 125 126 127 128 129 132 133 200
124 125 126 127 128 129 130 131 132 133 134
125 126 127 128 129 130 131 132 133 134 135 230 202
126 127 128 129 130 131 132 133 134 135 136
127 128 129 130 131 132 133 134 135 136 137 215
128 129 130 131 132 133 135 137 237 177
129 130 131 132 133 134 135 136 137 138 139 207
130 131 132 133 134 135 136 137 138 139 140
131 132 133 134 135 136 137 138 139 140 141 244
132 133 134 135 136 137 138 139 140 141 142 214
133 134 135 136 137 139 140 141 142 143 201
134 135 136 137 138 139 141 142 143 144
135 137 138 139 140 141 142 143 144 145 175
136 137 138 139 140 143 144 145 146
137 138 139 140 141 142 143 144 146 147 232
138 139 140 141 142 143 144 145 146 147 148
139 140 141 142 143 144 146 147 148 149 159
140 141 142 143 144 145 146 147 148 149 150 184
141 142 143 144 145 146 147 148 150 151 240
142 143 144 145 146 147 148 149 150 151 152 204
143 144 146 147 148 149 150 152 153
144 145 146 148 149 150 151 152 153 154
145 146 147 148 150 151 152 212 185
146 147 151 152 153 154 155 156 194
147 148 149 151 152 153 155 156 157 177 225
148 149 150 151 152 153 154 155 156 157 158
149 150 153 154 155 156 158 159 238 218 214
150 151 152 153 154 155 156 158 159 160 191
151 152 153 154 155 156 157 158 159 160 161 227
152 153 156 157 158 159 160 161 162 164 223
153 154 155 157 158 159 160 161 163
154 155 156 157 158 159 160 161 162 163 164
155 156 157 158 159 160 161 162 163 164 165
156 157 158 159 160 161 163 164 166
157 158 159 160 161 162 163 164 165 166 167 195
158 159 160 163 164 165 166 167 168
159 160 161 162 163 164 165 167 168 169
160 161 162 163 164 165 166 167 168 169 170 223
161 162 163 164 165 166 167 168 169 170 171
162 163 164 165 166 168 169 170 171 172 194 233
163 164 166 167 168 169 170 171 172 173 240
164 165 166 167 169 170 171 172 173 174
165 166 167 168 170 171 172 173 174 175
166 167 168 169 170 171 172 173 174 175 176 204
167 168 169 170 171 172 173 174 175 176 177
168 169 170 171 172 173 174 175 176 177
169 170 171 172 173 174 175 176 177 178 179
170 171 172 173 174 175 176 177 178 179 180
171 172 173 174 175 176 177 179 180 235 215
172 173 174 175 176 177 178 179 180 181 182
173 174 175 176 177 178 179 181 182 183 197
174 175 176 177 179 180 181 182 184 215
175 176 177 178 179 180 181 182 183 184 185
176 177 178 179 180 181 182 183 184 185 186
177 179 180 181 182 183 184 185 186 187 241 195
178 179 180 181 182 183 184 185 186 187 188
179 180 182 183 184 185 186 187 189 210
180 181 182 183 184 185 186 187 188 190
181 182 183 184 185 186 187 189 190 191
182 183 184 185 186 187 188 189 190 191 192 236
183 184 185 187 188 189 190 191 192 193 199 206
184 186 187 188 189 190 191 192 194 240
185 186 187 189 190 191 192 193 194 195 247
186 187 188 189 190 191 192 193 194 195 196
187 188 189 190 191 192 193 196 197
188 189 190 191 192 193 194 195 196 197 198
189 190 191 192 193 194 195 196 197 198
190 191 192 193 194 195 196 197 198 199 200 244
191 193 194 195 196 197 198 199 201
192 193 194 195 196 197 199 200 201 202 242
193 194 195 196 197 198 199 201 202 203
194 195 196 197 198 199 200 201 202 203 204
195 197 198 200 201 202 203 204 205
196 197 198 199 200 201 202 203 204 205 206
197 198 199 200 201 202 203 204 205 206 207
198 199 200 201 203 204 205 206 207 208 222
199 200 202 203 204 205 206 208 209 247 210
200 202 203 204 205 206 207 208 209 210
201 202 203 204 205 206 207 208 209
202 203 204 205 206 207 208 209 210 212 246
203 204 205 206 207 208 209 210 212 247
204 205 207 208 209 212 213 214
205 206 207 209 210 211 212 213 214 215
206 207 208 209 210 211 212 213 214 215 216
207 208 211 212 213 214 215 216 217
208 209 210 211 212 213 214 215 216 217 218
209 210 211 212 213 214 215 216 217 218 219
210 211 212 213 214 215 216 217 218 219
211 212 213 214 215 216 217 218 219 220 221
212 213 214 215 216 217 218 219 220 221 222
213 214 215 216 217 218 219 220 221 222 223
214 215 216 218 219 220 221 222 224
215 216 218 219 220 221 222 223 224 225
216 217 218 219 220 221 223 224 225 226
217 218 219 220 221 222 223 224 225 226 227
218 219 220 221 222 223 224 225 227 228 241
219 220 222 223 224 225 226 227 228 229
220 221 222 224 225 226 228 229 230
221 222 223 224 225 226 227 228 229 230 231
222 223 224 225 226 227 228 229 230 231 232
223 225 226 227 228 229 230 231 232 233 243
224 225 226 227 228 229 230 231 232 233 234
225 226 227 228 229 231 232 234 235
226 227 228 229 230 231 232 233 234 235 236
227 228 229 230 231 232 233 234 235 237
228 229 230 231 232 233 234 235 236 237 238
229 230 231 232 233 234 235 236 237 238
230 232 233 234 236 237 238 239
231 232 233 234 235 236 237 238 239 240 241
232 234 235 236 237 238 239 241 242 245
233 234 235 236 237 238 239 240 241 242
234 236 237 238 239 241 242 243 244
235 237 238 239 240 241 242 243 244 249
236 238 239 240 241 242 243 244 245
237 239 240 242 243 244 245 246 247
238 239 240 242 243 244 245 246 247 248
239 240 241 242 243 244 245 246 247 248 249
240 242 244 245 246 247 248 249
241 242 243 244 246 247 248 249
242 243 244 245 246 247 248 249
243 244 245 247 248
244 245 246
245 246 247 248 249
246 247 248 249
247 248 249
248 249
249
