#graphGeneration.py
# GMT Thu Apr 22 06:53:31 2021
# 
0 1 2 498 3 497 4 496 5 495
1 2 499 4 498 5 497 6 325 419
2 4 5 499 6 498 7 497 43
3 4 6 7 8 498 460
4 5 6 7 8 9 499
5 6 8 9 10 71
6 7 8 9 10 11
7 8 9 10 11 12
8 9 10 11 12 13 454
9 13 14 348 102 484
10 11 12 13 14 15 64 439
11 12 14 15 16 416 149 477 234
12 13 14 15 16 17
13 14 15 16 18 271 406
14 15 16 17 18 19 154
15 16 17 18 19 20 209
16 17 18 19 20 21
17 18 19 20 21 22 351
18 19 20 21 22 23 161
19 21 22 24 186 48
20 21 22 23 24 25 375
21 22 24 25 26 110 298
22 23 24 25 26 27
23 24 25 26 27 28
24 25 26 27 28 29
25 26 27 28 29 30 344
26 27 28 29 30 31
27 29 30 31 32 166
28 29 30 31 32 33
29 30 31 32 33 34
30 31 32 33 34 35
31 32 33 34 35 36
32 33 34 35 36 37
33 34 35 36 37 38
34 35 36 38 39 216
35 36 37 39 40 49 62
36 37 38 39 40 41 465
37 38 39 40 41 169
38 39 40 42 407 156
39 40 41 42 43 44
40 41 42 43 44 45 335
41 42 44 45 46 51 218
42 43 44 45 46 47 397
43 44 45 46 47 48
44 45 46 47 48 49
45 46 47 48 49 50
46 47 48 49 50 51 468
47 48 49 50 51 52
48 49 50 51 52 53
49 50 51 52 53 54
50 51 53 54 55 282
51 52 53 54 55 56
52 53 54 55 56 57 165
53 54 55 56 57 58
54 55 57 58 59 70 439
55 56 57 58 59 60 486
56 57 58 59 60 61
57 58 59 60 61 62 242
58 59 60 61 62 99 417
59 60 62 63 64 395
60 61 62 63 64 65 418
61 62 63 64 65 66
62 63 64 65 66
63 64 65 66 67 68
64 65 66 67 68
65 66 67 68 69 70
66 67 68 69 70 71
67 68 69 70 71 72 281
68 69 70 71 72 73
69 70 71 72 73 74
70 71 73 74 351 317 348
71 72 73 74 75 76
72 73 74 75 77 448 349
73 74 75 76 77 78 460
74 75 76 77 78 79
75 76 77 78 79 80 415
76 77 78 79 80 81
77 78 79 80 81 360
78 79 80 81 82 83 321
79 80 81 82 84 283
80 81 82 83 84 85
81 83 84 85 86 417
82 83 84 85 86 87
83 84 85 86 87 88 416
84 86 87 88 89 334
85 87 88 89 90 302
86 87 88 90 91 191
87 88 89 90 91 92
88 89 90 91 93 461 267
89 90 91 92 93 94
90 91 92 94 95 287
91 92 93 95 96 200
92 93 94 95 97 402
93 94 95 96 97 98 166
94 95 96 97 98 99
95 96 97 98 99 100 482
96 98 99 100 185 453 126
97 98 99 100 101 102
98 99 100 101 102 103
99 101 102 103 104
100 101 102 103 105 222
101 103 104 373 356 431
102 103 104 105 107 361
103 104 105 106 107 108
104 105 106 107 108 109
105 106 107 109 110 317 331
106 107 108 109 110 111 235
107 108 109 110 111 112
108 110 111 112 113 301
109 111 113 114 126 251
110 111 112 113 114 115
111 113 114 115 116 176
112 113 114 115 116 117
113 114 115 116 117 118
114 115 116 117 118 119
115 116 117 118 119 120 347
116 117 118 119 120 432 198
117 118 119 121 122 477 188
118 119 120 121 122 123
119 120 121 122 123 124 239
120 122 123 124 125 135
121 122 123 124 125 126
122 123 125 445 279 323
123 124 126 127 128 160
124 125 128 129 273 334
125 126 127 128 129 130
126 127 128 129 130 131 150 232
127 128 129 130 131 132 264 378 486
128 129 130 131 132 133 342
129 130 131 132 133 134
130 131 132 133 134 135
131 132 134 135 136 296
132 133 134 135 136 137
133 134 135 136 137 138
134 135 136 137 138 139
135 136 137 138 139 140
136 137 138 139 140 141
137 138 139 140 141 142
138 139 140 142 143 187
139 140 141 142 143 144
140 143 144 145 285 280 245 205
141 142 143 144 145 146 170
142 143 144 145 146 147
143 144 145 146 147 148 427
144 145 146 147 148 149
145 146 147 148 149 150 203
146 147 148 149 150 151
147 148 149 150 151 152 476 477
148 149 150 151 152 366 344
149 150 151 154 255
150 152 153 154 155
151 152 153 154 155 156
152 153 154 155 156 157
153 154 155 156 157 158
154 155 156 158 159 280
155 156 158 159 340 459
156 157 158 159 160 161 204
157 158 159 160 161 162 423
158 159 160 162 163 179
159 160 161 162 163 164
160 161 162 163 164 165
161 163 164 165 166
162 163 164 165 166 167
163 164 165 166 167 168
164 165 166 167 168 169
165 167 168 169 170
166 169 170 171 268
167 168 169 170 171 172
168 169 171 172 173 484
169 171 172 173 174 342
170 171 174 175 198 394
171 172 173 174 175 176
172 173 174 175 176 177 430
173 174 175 178 419 214
174 175 176 177 212 279 368
175 176 177 178 179 180 425 275
176 177 178 179 180 498
177 178 179 180 181 182
178 179 180 182 183 489
179 180 181 182 184 433 211
180 182 183 184 185 214
181 182 183 184 185 186
182 183 185 186 187 244 245
183 184 187 188 332 331
184 185 186 187 188 189 236 403
185 186 187 188 189 190 386
186 188 189 190 191 491
187 188 189 190 191 192
188 189 190 191 192 193
189 190 191 192 193 194
190 191 192 193 194 195
191 192 193 194 195 196
192 195 196 197 350 343
193 194 195 197 198 419
194 195 196 197 198 199
195 196 198 199 200 261
196 197 198 199 200 201
197 198 199 200 201 202
198 199 200 201 202 203
199 201 202 203 204 326
200 201 202 203 204 205
201 202 203 204 205 206
202 203 204 205 206 207 278 301
203 205 206 208 259
204 206 207 208 209
205 206 207 208 209
206 208 209 210 211 386 303 435
207 208 209 210 212 352 419 355
208 209 210 211 212 213 355
209 210 211 212 214
210 211 212 213 214 215
211 212 213 214 215 216 448
212 213 215 216 217 437
213 214 215 216 217 291 334
214 215 216 217 218 219 489
215 216 217 218 219 220
216 217 218 219 220 221
217 218 219 220 221 222 466
218 219 222 223 499 339
219 220 222 223 224 276
220 221 222 223 224 225
221 222 223 224 225 226 339
222 223 224 225 226 227
223 225 226 227 228 361
224 225 226 227 228 229
225 226 227 228 229 230 315
226 227 229 230 231 389
227 228 229 230 231 232 462
228 229 230 231 232 233
229 230 231 232 233 234
230 231 232 233 234 235
231 232 233 234 235 236 496
232 233 235 236 237 333
233 234 235 237 238 467
234 235 236 237 239 386 413
235 236 237 239 240
236 237 239 240 241
237 238 239 240 241 242 298
238 239 240 241 242 243
239 240 242 243 244
240 241 242 243 245 295
241 242 243 244 245 246
242 243 244 246 247
243 244 246 247 248 436
244 246 247 248 249
245 246 247 248 249 250
246 247 249 250 251 264
247 248 249 250 251 252
248 249 250 252 253 450
249 250 251 252 254 288 496
250 251 252 253 254 255
251 252 253 254 255 256
252 253 254 255 256 257
253 255 256 257 258 498
254 255 258 259 490 365
255 256 257 258 259 260 345
256 257 258 259 260 261
257 258 259 260 261 404
258 259 260 261 262 263
259 260 261 262 263 264
260 261 262 263 264 265 356
261 262 263 264 265 266
262 263 264 265 266 267
263 264 265 266 268 426
264 266 267 268 269
265 266 267 268 269 270
266 267 269 270 361 413
267 268 269 270 271 272
268 269 270 271 272 273
269 270 271 272 273 274
270 271 272 273 274 275 417
271 272 273 276 457 472
272 273 274 275 276 277
273 274 275 276 277 278 485
274 275 276 277 278 279 323
275 276 277 278 280
276 278 279 280 281 304
277 278 279 281 282 457
278 279 281 282 283 457
279 280 281 282 283 284
280 283 284 285
281 282 283 284 285
282 283 285 286 287 465
283 284 285 287 288 432
284 285 286 287 288 427
285 286 287 288 289 290 349
286 287 288 289 290 291
287 288 289 290 291 292
288 289 290 291 292 302
289 290 291 292 293 294
290 291 292 293 294 295
291 292 293 294 296
292 293 294 295 296 297
293 294 295 296 297 344
294 295 296 297 298 299
295 296 297 298 299 300
296 297 298 299 300 301
297 298 299 300 301 302
298 300 302 303
299 300 301 302 303 304 491
300 301 302 303 304 305
301 302 303 304 306
302 303 304 305 306 307 329
303 305 306 308 397
304 305 306 307 308 309
305 306 307 308 309 310
306 307 308 309 310 311
307 308 309 310 311 312 342 405
308 309 310 312 313 337
309 310 311 312 313 314
310 311 312 313 314 315
311 312 313 314 315 316
312 313 314 315 316 317
313 314 315 316 317 318
314 315 316 317 318 319 386
315 316 317 318 478
316 317 318 319 320 321
317 318 319 320 322
318 319 320 321 322 323
319 320 321 322 323 324
320 321 322 323 324 325 465
321 322 323 324 325
322 323 324 325 326 327
323 324 325 327 328
324 325 326 327 328 329
325 327 328 329 330
326 327 328 329 330 331
327 328 329 330 331 332
328 329 330 331 332 333
329 331 332 333 334 462
330 331 332 333 334 408
331 332 333 336 360
332 333 334 336 337 464 391
333 334 336 337 338
334 335 336 337 338 339
335 338 339 340 428
336 337 338 339 340 341
337 338 339 340 341 342
338 339 340 341 342 343
339 340 341 343 344
340 341 342 343 344 345 415
341 342 343 344 345 346
342 343 345 347
343 344 345 346 347 348
344 345 346 347
345 347 348 349 350
346 347 348 349 350 351
347 348 349 351 352 436
348 349 350 351 352 353
349 351 352 353 354
350 351 352 353 354 355 494
351 353 354 355 356
352 353 355 356 357
353 354 355 356 357 358
354 355 356 357 358 359
355 356 357 360
356 357 358 359 361
357 358 359 360 361 362
358 359 360 361 362 363
359 360 361 362 363 364
360 361 362 363 365 451
361 363 364 365 366 422
362 363 364 365 366 367
363 364 365 366 367 486
364 365 366 367 368 369
365 366 367 368 369 370
366 367 368 369 370 371
367 368 369 370 371 372
368 369 370 371 372 373
369 370 371 372 373 374
370 371 372 374 375 400
371 372 373 375 376 380
372 373 374 375 376 377
373 374 375 376 377 378 487
374 375 376 377 378 379
375 377 378 379 380
376 377 378 379 380 381
377 378 379 380 381 382
378 379 380 382 383
379 380 381 382 383 384
380 381 382 383 384 385
381 382 383 384 385 386
382 383 384 385 386 387
383 384 385 386 387 388
384 385 386 387 388 389
385 386 387 388 389 390
386 388 391
387 388 389 391 392 395
388 389 390 391 392 393
389 390 391 392 393 394
390 391 392 393 394 395
391 392 393 395 396
392 393 394 395 396 397
393 394 395 396 397 398
394 395 396 397 398
395 396 397 398 399 400
396 397 398 399 400 401
397 398 400 401 402
398 399 400 401 402 403
399 400 401 402 403 404
400 401 402 403 404 405
401 402 403 404 405 406
402 403 404 405 406 407
403 404 406 407 408
404 405 406 408 409 434 464
405 406 407 409 410
406 407 408 409 411
407 408 409 410 411 412
408 409 410 411 412 413
409 410 411 412 413 414
410 411 412 413 414 415
411 412 413 414 415 416
412 413 414 415 416 417
413 414 415 416 417
414 415 416 417 418 419 444
415 416 418 419
416 417 418 420 421 464
417 418 419 420 422
418 419 420 421 422 499
419 420 421 422 423 424
420 421 422 423 424 425
421 422 423 424 425 426
422 423 424 425 426 427
423 425 426 427 428
424 425 426 427 428 429
425 426 429 430 466
426 427 428 429 430 431
427 428 429 430 431
428 429 430 431 432 433 446
429 430 431 432 433 434
430 431 433 434 435
431 432 433 434 435 436
432 433 435 436 437
433 435 436 437 438
434 435 436 437 438 439
435 437 438 439 449
436 437 438 439 440
437 438 439 440 442
438 439 440 441 442 443
439 440 441 442
440 441 442 443 444 445
441 442 443 444 445 446
442 443 444 445 446 447
443 444 445 446 447 448 458
444 445 447 448 449
445 446 447 448 449 450
446 447 448 449 451
447 448 449 450 451 452
448 450 452 453
449 450 451 452 453 454
450 451 452 453 454 455
451 452 453 454 455 456 489
452 453 454 455 456 457
453 455 456 457 458
454 455 457 458 459
455 456 457 458 459 460
456 457 458 459 460 461
457 458 460 461 462
458 459 460 461 462
459 460 461 462 463 464
460 462 463 464 465
461 462 463 465 466
462 464 465 466
463 464 465 466 467 468
464 465 466 469
465 466 468 470
466 467 468 470 471
467 468 469 470 471 472
468 469 471 472 473
469 470 471 472 473 474
470 471 472 473 474 475
471 472 473 474 475 476
472 473 474 475 476 477
473 474 475 476 477 478
474 475 476 477 478 479
475 476 477 478 479 480
476 477 478 479 480
477 478 481
478 479 480 481 482 483
479 480 481 482 483 484
480 481 482 483 484 485
481 482 483 484 485 486
482 483 485 486 487
483 484 485 486 487 488
484 485 486 487 488 489
485 486 487 488 489
486 490 491 497
487 488 489 490 492
488 489 490 491 492 493
489 490 491 492
490 491 492 493 494 495
491 492 493 494 496
492 493 494 495 496 497
493 494 495 496 497 498
494 495 497 498 499
495 496 497 498 499
496 497 498
497 498 499
498 499
499
