#graphGeneration.py
# GMT Mon May  3 09:30:31 2021
# 
0 1 99 2 98 3 97 4 95 6 94 7 93 8 92 9 91 10 90 75 89
1 2 3 99 4 97 6 96 7 95 8 94 9 10 92 11 91 23
2 3 4 5 99 6 98 7 97 8 96 9 95 11 12 27 20
3 4 5 6 7 99 8 98 97 10 11 95 12 93 46 85 44
4 5 6 7 8 9 99 10 98 11 97 12 96 13 95 14 94 76 25 79 29
5 7 8 9 10 11 99 12 98 13 97 14 96 15 60 61
6 7 8 9 10 11 12 13 99 14 98 15 97 16 96 24 41 88 74
7 8 9 10 11 12 14 15 99 16 98 17 97 22 43
8 9 10 11 12 13 14 15 16 17 99 18 98 62
9 10 11 12 13 14 15 16 17 18 19 99 25
10 11 12 13 14 15 16 17 18 19 20
11 12 13 14 15 16 17 18 19 20 21 81
12 13 14 15 16 17 18 19 20 21 22
13 14 15 17 18 19 20 21 22 23 80 42 87
14 15 16 17 18 19 20 21 22 23 24 86 55 53 65
15 16 17 18 19 20 21 22 23 24 25 91 27
16 17 18 19 20 21 22 23 24 25 26
17 18 19 20 21 22 23 24 25 26 27 33
18 19 21 22 23 24 25 26 27 28 47 76
19 21 22 23 24 25 26 27 28 29 97 36
20 21 22 24 25 26 27 29 30 41
21 23 24 25 26 27 28 29 31 99 73
22 24 26 27 28 29 31 32 34 40 92
23 24 25 26 27 28 29 30 31 32 33
24 25 26 28 29 30 31 32 33 86 93 78
25 26 27 29 30 32 34 35 60
26 27 28 29 30 31 32 33 35 36 44 95 59
27 28 29 31 32 33 35 36 64 67 90
28 29 30 31 32 33 34 35 36 37 38 57 63
29 30 31 32 33 34 35 36 39 63 59 49
30 31 34 35 38 39 40 72 49 54 88 32
31 32 33 34 35 36 37 38 39 40 41
32 33 34 35 36 37 38 40 41 42
33 35 36 37 38 40 41 42 58 69
34 35 36 37 38 39 40 41 42 43 44
35 36 37 38 39 40 41 43 44 45 47 78
36 37 38 39 40 42 43 45 46 83 91
37 38 39 40 41 42 43 44 45 46 47
38 39 40 41 42 43 44 45 46 47 48 87 51
39 40 42 43 44 45 46 47 48 49 76
40 41 42 44 45 46 47 48 49 50 95
41 42 43 45 47 48 49 50 51 58 98 92
42 43 44 45 46 47 48 50 51 52 87
43 44 45 46 47 49 50 51 52 53 64 79
44 45 46 47 48 49 51 52 53 54 89
45 46 47 48 49 50 51 52 53 54 55
46 47 48 49 50 51 52 53 54 55 56
47 49 50 51 52 53 54 55 56 57 94
48 49 50 51 52 53 54 55 56 57 58 69
49 50 51 52 53 54 55 56 57 59
50 51 52 53 54 55 57 58 59 60 74
51 52 53 54 55 57 58 60 61 63
52 53 54 55 56 57 58 59 60 61 62
53 54 55 56 57 58 60 61 62 63 65
54 55 56 57 58 59 60 61 62 63 64
55 56 57 58 59 61 62 64 65 72 96 82 80
56 57 58 59 60 61 62 63 64 65 66
57 58 59 61 62 63 64 65 66 67 84
58 59 60 61 62 63 64 65 66 67 68 76 94
59 60 61 62 63 64 65 66 68 69
60 62 63 65 67 68 69 70 81 92 91
61 62 63 64 66 68 69 70 71 93
62 64 65 66 67 68 69 70 71 72
63 64 65 66 68 70 71 72 73
64 65 66 67 68 69 70 71 72 73 74 87
65 66 67 68 69 70 71 73 74 86
66 67 68 69 70 71 72 73 74 75 76 96
67 68 69 70 72 73 74 75 76 77
68 70 71 72 73 74 75 76 77 78 97
69 71 72 73 74 75 76 77 78 91
70 71 72 73 74 75 76 77 78 79 80
71 72 73 74 75 76 77 78 79 80 81
72 73 75 76 77 78 79 80 81 82 92
73 74 75 76 77 78 79 80 81 82 83
74 75 76 77 78 79 80 81 82 84 90
75 77 78 79 80 81 82 83 84 85
76 80 81 82 83 84 85 86
77 78 79 80 81 82 83 84 85 86 87
78 79 80 81 82 83 84 85 86 87 88
79 80 81 82 83 84 86 88 89
80 81 82 83 84 85 86 87 88 89 90
81 82 83 84 86 87 88 89 90 91
82 83 84 85 86 87 89 90 91 92 93
83 84 86 87 88 89 90 91 92 93
84 85 86 87 89 90 91 92 93 94 88
85 86 87 88 89 90 92 93 94 95
86 87 90 92 93 94 95 96
87 88 89 90 92 95 97
88 89 90 91 92 95 96 97 98
89 90 91 92 93 94 95 97 98 99
90 91 92 93 95 96 97 98 99
91 92 94 95 96 97 98 99
92 93 94 96 97 98 99
93 94 95 96 97 98 99
94 95 96 97 98 99
95 96 97 98 99
96 97 98 99
97 98 99
98 99
99
