#graphGeneration.py
# GMT Mon May  3 09:30:43 2021
# 
0 1 499 2 498 3 497 4 496 5 495
1 2 3 499 498 5 497 6 496 129 166 237
2 3 4 5 499 6 498 7 497 192 207 147 370
3 4 6 7 499 8 27
4 6 7 8 9 499 205
5 6 7 8 9 10
6 7 8 9 10 11
7 8 11 12 462 174
8 10 11 12 13 266
9 10 11 12 13 14
10 11 12 13 14 15 269
11 12 13 14 15 16
12 13 14 15 16 17
13 14 15 16 17 18
14 15 16 17 18 364 267
15 16 17 18 19 20
16 17 18 19 20 21 336
17 18 19 20 22 184 477
18 19 20 21 22 119
19 20 21 22 23 24
20 21 23 24 25 470 459
21 22 24 25 78 73
22 23 24 25 26 27 90 152
23 24 25 26 28 45 148
24 26 27 28 310 161
25 26 27 28 29 30
26 27 28 29 30 31 297 406
27 28 29 30 31 32 238
28 29 30 31 32 33
29 30 31 32 33 34
30 31 32 33 34 272
31 32 33 34 35 36
32 33 34 35 36 37 306
33 34 35 37 38 351
34 36 37 38 39 149
35 36 38 39 40 60
36 37 38 39 40 41 376
37 38 39 40 42 237
38 39 40 41 42 166 374
39 40 41 42 43 44
40 41 42 43 44 45 190 56
41 42 44 45 46 156
42 43 44 45 46 47
43 44 45 46 47 48
44 45 46 47 48 49
45 47 48 49 50
46 47 48 49 50 51 72
47 48 49 50 51 52
48 49 51 52 53 357 314
49 50 51 52 53 54
50 51 53 54 55 401
51 52 53 54 55 56 227
52 53 54 55 57 344
53 55 56 58 467 259 169
54 55 56 57 58 59 397
55 56 57 58 59 60 89
56 57 59 60 61 307
57 58 59 60 61 191
58 59 60 61 62 63 203
59 60 61 62 63 64 369 323
60 61 62 63 64 65 400
61 62 63 64 65 66
62 63 64 65 67 89
63 65 66 67 68 117
64 65 66 67 68 69
65 66 68 69 223 155
66 67 68 69 70 71
67 68 69 70 72 301
68 69 70 71 72 73
69 70 71 72 73 74
70 72 73 74 75 182 110 292
71 72 73 74 75 76 110
72 73 74 75 167 305
73 74 75 76 77 78 254
74 75 76 77 78 79 381
75 76 77 78 79 80 340
76 78 79 80 81 147
77 78 79 80 81 82 83
78 79 80 81 82 83
79 80 81 84 261 422
80 81 82 84 85 189
81 82 83 84 85 86 108 150
82 83 84 85 86 87
83 86 87 88 316 312
84 85 86 87 296 258
85 86 87 88 89 90
86 87 88 89 90 91 225 356
87 88 89 90 91 92
88 89 90 91 92 93
89 90 91 92 93 445
90 92 93 94 95
91 92 93 94 95 96
92 93 94 95 96 97
93 94 95 96 97 98
94 95 96 97 98 99 305 206
95 96 98 99 100 419 462
96 97 98 99 100 101
97 98 99 100 101 102
98 99 100 101 102 103 343
99 100 102 104 428 314 217
100 102 103 104 105 377
101 102 103 104 105 121 241
102 103 104 105 106 107 226
103 104 106 107 108 243
104 106 107 108 109 251
105 106 107 108 109 110
106 107 108 109 110 111
107 109 110 111 112 427 136
108 109 110 112 113 166 249
109 110 111 112 113 114
110 111 113 115
111 112 113 114 115 116
112 113 114 115 116 117
113 114 116 117 118 271 211
114 115 116 117 118 119 346 375
115 117 118 119 120 215 425
116 117 118 119 120 121
117 118 119 120 121 122
118 119 120 121 122 123
119 120 121 122 123 124 299
120 121 122 123 124 125 402
121 124 125 126 129
122 123 124 125 126 127
123 124 125 127 128 147
124 125 126 127 128 129
125 126 127 128 129 130 474
126 127 128 129 130 371
127 129 131 475 378 144 452
128 129 130 131 132 133
129 130 132 133 134
130 131 132 134 135 479
131 132 133 134 135 136 279 451
132 133 134 135 136 137 349
133 134 137 138 267 294 197
134 135 136 137 138 139 460
135 137 138 139 140 198 381
136 138 140 141 446
137 138 139 140 141 142 318 243
138 139 140 141 142 143 338 376
139 140 141 142 143 144 334
140 141 143 144 145 223
141 142 143 144 145 146 294
142 143 144 145 146 394
143 144 145 146 147 148
144 145 146 147 149
145 146 147 148 149 150
146 147 148 149 150 151
147 148 149 151 211
148 149 150 151 152 153
149 150 151 152 153 154
150 151 152 153 155
151 152 153 155 156 268 209
152 153 155 157 477 259
153 154 155 156 157 158
154 155 156 157 158 159 430
155 156 157 159 160 275
156 157 158 159 160 203
157 158 159 160 161 162
158 159 160 161 162 163 191
159 160 161 162 163 164 226
160 161 162 163 164 165
161 162 163 164 165 166
162 163 164 165 166 167
163 164 165 166 167 168 476
164 165 166 167 168 169
165 166 167 168 169 170
166 167 168 171
167 168 169 170 172 392
168 169 170 171 172 173
169 170 171 172 174 298 190
170 171 172 173 174 175
171 172 173 174 175 176
172 173 174 175 176 177 329 435
173 174 175 176 177 178 454
174 175 176 177 178 179
175 176 177 178 180 416
176 178 179 181 486 441
177 178 179 180 181 182
178 179 180 181 182 183 314
179 180 181 182 183 184
180 181 182 183 184 185
181 182 183 184 185 186
182 183 184 185 186 187
183 184 185 186 187 188 272
184 186 187 189 271
185 186 187 188 189 190
186 187 188 189 190 191 216
187 188 189 190 191 192
188 189 190 191 192 193
189 190 191 192 193 194 380
190 192 194 245
191 192 194 195 428 457 267
192 193 195 196 197
193 197 198 428 482 217 492
194 195 197 198 199 335
195 197 198 200 491 397
196 197 198 199 200 201
197 198 199 200 202 237
198 199 200 201 202 203 224
199 200 201 202 203 204
200 201 202 203 204 205 465
201 202 203 204 205 206 208
202 203 204 205 206 207
203 205 206 207 208 359 498
204 205 206 207 208 209 389 296
205 206 207 208 209 210
206 207 209 210 211
207 208 210 211 212
208 209 210 212 213
209 210 211 212 214 344
210 211 212 213 214 215
211 212 214 215 216 439
212 213 214 215 216 217
213 214 215 216 217 218
214 215 216 217 218 219
215 216 217 218 219 220
216 217 219 220 221
217 218 220 221 222
218 219 220 221 222 223 249
219 220 221 222 223 224
220 221 222 223 224 225
221 222 223 224 225 226
222 223 224 225 226 227 444
223 224 225 226 227 228 449
224 225 227 228 229
225 227 228 229 230
226 228 229 230
227 228 230 231 232 266
228 229 230 231 232 233
229 230 231 232 233 234
230 231 232 233 234 235
231 232 233 234 236 413
232 233 234 235 236 237
233 234 235 236 237 238
234 235 236 237 238 239
235 236 237 238 239 240 417
236 237 238 239 241 437
237 238 239 240
238 240 241 242 243
239 240 241 243 244 321
240 241 242 243 244 245
241 242 243 244 245 246
242 243 244 245 246 247
243 244 245 246 247
244 245 246 247 248 249
245 246 247 248 249 250
246 247 248 249 250 251
247 248 249 250 251 252
248 249 250 251 252 253
249 250 251 253
250 251 252 253 254 255
251 252 253 254 255 256
252 253 255 256 257 449 305
253 254 255 256 257 258 436
254 256 257 258 259
255 256 257 259 260 433 337 474
256 257 258 259 260 261
257 258 259 260 261 262
258 259 260 261 262 263 378
259 260 261 262 263
260 261 262 263 264 265 352
261 262 263 264 265 266 312 441
262 263 264 265 266 267
263 265 266 267 268 330
264 265 266 267 268 269
265 266 267 268 269 270 412
266 267 268 269 271
267 268 269 270 271 272
268 269 270 271 272 273
269 271 272 273 381
270 271 272 273 274 275 487
271 272 273 274 275 276 380
272 274 275 276 277
273 274 275 276 277 278
274 275 276 277 279 479
275 276 277 278 279 280
276 277 278 279 280 281
277 278 279 280 281 282
278 279 280 281 282 283
279 280 281 284 415
280 281 282 283 284 285
281 282 283 284 285 286
282 283 284 285 286 287 398
283 284 285 286 287 288
284 285 286 287 288 289
285 286 287 288 289 290
286 287 288 289 290 291
287 288 289 290 291 292
288 289 291 292 293 408
289 290 291 292 293 294
290 291 292 293 294 295
291 292 293 294 295 476 428 332
292 293 294 295 297
293 294 295 296 297 298
294 295 296 297 299
295 296 298 299 300 489
296 297 298 300 301
297 298 299 300 301
298 299 300 301 303 454
299 300 302 303 304
300 301 302 303 304 305
301 302 303 304 305 306
302 303 304 305 306 307
303 304 305 306 307 308
304 305 306 307 308 309
305 307 308
306 307 309 310 311
307 308 310 311 312
308 309 310 311 313 491
309 310 311 312 313 314
310 311 312 313 314 315
311 312 313 314 315 316
312 315 317 327
313 315 316 317 318 498
314 315 318 451
315 316 317 318 319 320 479
316 317 318 319 321 343 413
317 318 319 320 322 324
318 319 320 322 323
319 320 321 322 323 324
320 321 322 323 463 350
321 322 323 324 325 326 367
322 323 324 325 326 327
323 324 325 327 328 393 428
324 326 327 329 473 370
325 326 327 328 329 330
326 327 328 329 330 331
327 328 329 330 332 373 339 492
328 329 330 331 332 333
329 330 332 333 334 339
330 331 332 333 334 335 483
331 332 334 335 336 399
332 333 334 335 336
333 334 335 336 337 351
334 335 336 337 339
335 336 337 338 339 340
336 338 339 340 341
337 338 341 342 435
338 340 341 342 343
339 341 342 344
340 341 343 344 345
341 342 343 344 345 346
342 343 344 345 346 347
343 344 345 346 348 480
344 345 346 347 348 447
345 346 347 348 349 350
346 347 348 350 351
347 348 349 350 351 352 365
348 349 350 351 352 353
349 350 351 352 354
350 351 352 353 354 355
351 352 353 354 355 356
352 353 354 355 357
353 354 355 356 357 358
354 355 356 357 358 359
355 356 357 358 359 360
356 358 359 360 361
357 358 359 360 361 362 430
358 359 360 361 362 363
359 360 362 363 364
360 361 362 363 364 365
361 362 363 364 365 366
362 363 364 365 366 367
363 364 365 366 367 368
364 366 367 368 369 434
365 366 367 368 369 411
366 367 368 369 371 413
367 368 369 370 372
368 369 370 371 372 373
369 371 372 373 374
370 371 372 373 374 395
371 372 373 374 375 376
372 373 374 375 377 423
373 374 375 376 377 378 458 410
374 375 376 377 378 379
375 376 377 379 380 428
376 377 379 381
377 378 379 380 381 382 464
378 379 381 382 383
379 380 381 382 383 384
380 381 384 385
381 382 384 385
382 383 384 385 386 387
383 384 385 387 388 406
384 385 386 387 388 389
385 386 387 388 389 390
386 387 388 389 390 391
387 388 389 390 391 392
388 389 390 391 392 393
389 390 392 393 394
390 391 392 393 394 395
391 392 393 394 395 396
392 393 394 395 396 397
393 395 396 397 398
394 395 396 397 398 399
395 396 397 398 399
396 397 398 399 400 401
397 398 399 400 402 439
398 399 400 401 403
399 400 401 402 403 404
400 401 402 403 404 417
401 402 403 404 405 406
402 404 405 406 407
403 404 405 406 407 408
404 405 406 407 408 409 493
405 406 407 408 409 410
406 407 408 409 410
407 408 409 410 411 412
408 409 410 411 412 413
409 410 411 412 413 414
410 411 412 413 415
411 413 414 415 416
412 414 415 416 417
413 414 415 416 418
414 415 416 417 418 419
415 416 417 418 419 420
416 417 418 419 420 421
417 420 421 422
418 419 420 421 422 423
419 420 421 422 423 424 475
420 421 422 423 424 425
421 422 423 424 425 426
422 423 424 425 426 427
423 424 425 426 427 428 479
424 425 426 427 428 429
425 427 428 429 430
426 427 428 429 430 431
427 428 429 430 431 432
428 431 433
429 430 431 432 433 434
430 433 434 435
431 432 433 434 435 436
432 433 434 435 436 450
433 434 435 436 437 438 487
434 435 436 438 439
435 436 437 438 439
436 437 438 440 441
437 438 439 440 441 442 457
438 439 440 441 442 443
439 441 442 444
440 441 442 443 444 445
441 443 444 445 446
442 443 444 445 446 447
443 444 445 446 447 448
444 445 446 447 449
445 446 447 449 450
446 447 448 449 450 451
447 448 450 451 452
448 449 450 451 452 453
449 451 452 453 454
450 451 452 453 454 455
451 452 453 455
452 453 454 455 456 457
453 454 455 456 457 458
454 455 456 459
455 456 457 458 459 460
456 457 458 459 460 461
457 458 460 462
458 459 461 462 463
459 460 461 463 464
460 462 463 464 465
461 462 463 464 465 466
462 463 464 465 466
463 464 465 466 467 468
464 465 467 468 469
465 466 467 468 470 488
466 467 468 469 470 471
467 468 469 470 471 472
468 469 470 471 472 473
469 470 471 472 473 474
470 471 472 473 474 475
471 472 473 474 475 476
472 473 474 475 476 477
473 474 475 476 477 483
474 475 476 477
475 476 477 479 480
476 478 479 481
477 478 479 480 481 482
478 479 480 481 482 483
479 480 481 484
480 481 483 484 485
481 482 483 484 485 486
482 483 484 485 486 487 495
483 484 485 487 488
484 485 486 487 488 489
485 486 487 488 489 490
486 487 488 489 490 491
487 489 490 491
488 489 490 491 493
489 490 491 492 493 494
490 491 492 493 494 495
491 492 493 494 495 496
492 493 494 495 497
493 494 495 497 498
494 495 496 497 498 499
495 496 497 498
496 497 498 499
497 498 499
498 499
499
